T_i,B_i
306,454
830,560
512,114
260,7
991,51
239,144
90,904
297,347
968,692
929,695
512,241
421,430
580,373
369,994
213,203
609,315
170,193
78,129
195,97
288,355
156,260
465,436
903,789
578,157
809,409
693,459
960,546
213,11
98,890
1,428
256,796
74,154
281,305
649,367
907,792
313,287
493,955
630,77
302,519
434,754
602,114
820,371
316,761
565,604
375,355
494,484
416,313
905,133
623,445
528,768
705,817
839,805
481,489
685,846
884,151
231,830
971,413
684,468
202,118
228,746
722,94
320,866
773,690
562,633
361,470
346,794
221,935
940,381
13,212
425,259
484,22
588,342
511,773
835,70
401,832
720,912
9,40
104,719
995,237
570,780
76,864
614,425
966,364
290,924
706,922
119,834
808,36
42,361
699,210
156,204
644,218
404,199
898,318
136,161
664,704
886,832
197,636
871,834
812,21
96,619
110,702
646,524
150,75
353,299
446,878
129,105
138,256
734,636
676,995
821,320
487,929
494,315
854,981
217,314
608,641
883,335
467,811
762,798
193,433
305,277
777,425
911,536
285,638
378,250
811,637
35,556
412,846
765,969
595,213
545,919
807,924
877,84
197,270
322,46
739,946
34,134
528,936
9,710
655,985
891,541
915,885
368,998
672,660
662,648
711,247
532,752
287,187
742,310
786,326
599,801
426,498
348,373
467,972
792,830
30,976
854,282
179,526
272,709
694,637
371,527
392,653
726,864
538,814
647,581
81,717
541,333
975,297
803,256
24,136
892,672
72,347
399,597
325,181
415,718
270,582
224,237
430,793
534,60
761,676
544,166
773,738
559,377
898,847
782,695
80,770
973,649
791,726
966,629
545,746
421,970
766,63
545,776
889,85
55,815
274,38
786,847
797,830
986,720
937,772
781,107
555,156
741,541
879,902
254,145
61,296
66,335
285,142
872,521
778,319
993,957
940,350
667,516
613,851
567,306
112,21
600,650
6,826
859,287
851,996
854,518
931,585
900,47
988,32
761,141
481,300
758,651
341,356
569,943
279,416
290,95
658,943
51,940
958,421
48,160
588,367
650,51
866,135
220,811
127,114
196,264
701,187
427,648
50,507
389,202
47,380
915,956
282,435
448,497
2,818
628,721
473,865
853,217
715,307
935,734
142,160
579,889
653,858
602,18
657,324
995,504
914,332
405,949
62,349
10,454
244,198
540,881
508,450
405,618
513,624
94,688
737,277
358,178
511,734
84,931
146,163
391,954
498,90
14,542
145,636
124,288
950,954
462,311
703,675
737,902
477,510
626,113
943,297
4,467
33,213
310,38
459,871
498,610
248,408
247,505
823,704
117,505
463,936
367,96
328,910
783,949
700,239
389,546
420,396
272,696
500,863
469,43
965,505
978,236
427,486
797,47
799,778
241,795
56,756
406,23
384,118
5,378
865,265
360,564
901,641
505,780
34,9
693,553
802,592
835,594
118,751
928,401
488,547
140,193
409,688
680,445
482,132
354,455
878,699
936,899
71,172
861,357
157,207
665,9
930,900
120,926
117,495
161,399
130,54
871,621
63,115
737,854
745,945
609,104
437,658
587,890
322,914
25,809
583,131
326,727
961,34
796,294
886,5
480,719
767,691
389,60
83,728
492,732
188,630
301,475
748,617
14,747
993,370
873,531
556,731
503,596
931,818
584,568
569,665
205,89
409,62
71,967
100,141
349,458
956,454
953,53
832,18
291,892
477,923
418,769
313,554
98,513
811,763
692,544
413,979
669,489
298,131
759,408
83,722
546,160
413,56
245,128
586,370
662,806
816,853
12,77
107,270
787,789
390,308
58,963
969,676
177,899
545,434
585,305
128,349
909,24
204,376
676,184
54,111
390,873
24,413
163,893
156,279
62,771
85,278
931,354
889,809
807,351
550,743
474,934
339,224
534,672
197,150
567,384
210,394
922,404
933,140
721,709
148,973
170,944
990,849
988,335
535,932
621,171
406,763
162,712
19,175
837,319
207,672
24,707
210,883
53,472
828,868
216,906
508,248
777,995
434,104
133,365
154,423
992,140
248,974
874,292
803,502
683,615
743,198
137,80
197,837
491,300
375,983
961,82
621,616
627,805
641,723
1,174
460,130
815,237
576,401
831,216
593,38
775,490
649,242
86,435
297,407
65,996
557,94
118,106
363,875
117,958
485,287
278,164
451,548
324,375
471,84
498,365
854,627
482,846
968,201
518,600
884,330
506,715
605,782
277,50
63,825
792,960
437,342
334,534
884,979
568,952
251,683
656,463
466,49
945,398
829,951
979,980
310,819
514,35
720,638
921,25
2,463
307,996
510,899
744,500
757,834
31,450
224,162
33,108
167,805
100,666
257,121
956,654
397,151
228,103
553,709
430,290
238,293
117,340
441,365
276,161
229,31
633,857
984,457
375,924
346,485
634,863
399,82
875,55
482,333
710,940
777,28
873,471
716,21
232,253
252,604
419,337
316,608
112,4
956,646
771,966
21,813
12,523
672,844
576,566
477,656
329,363
1,191
600,74
848,643
958,104
892,320
502,281
864,732
583,928
190,189
848,489
96,363
440,540
798,426
599,478
662,720
518,221
541,754
317,38
619,653
826,806
469,620
250,678
478,350
502,458
266,437
476,30
482,5
103,158
180,333
50,365
774,816
760,191
637,993
984,541
516,277
670,977
558,191
728,23
910,259
293,743
332,789
635,657
5,941
689,361
469,465
454,598
635,155
660,205
496,585
748,758
712,283
585,543
716,883
777,391
479,866
710,164
574,102
10,913
369,762
62,383
26,665
356,9
822,325
971,781
6,175
652,933
619,884
616,138
181,79
773,96
264,354
395,888
538,163
496,533
351,565
363,962
530,254
225,504
644,495
928,640
15,555
806,904
614,588
518,946
688,394
48,491
884,963
758,861
518,449
145,153
362,582
667,211
444,67
357,556
968,239
122,302
988,519
447,564
656,743
278,580
300,183
533,750
790,940
652,24
12,957
485,955
331,490
54,702
70,501
98,762
67,407
371,951
625,302
322,88
768,626
926,990
796,484
632,251
36,867
21,614
763,956
474,314
244,342
462,393
152,798
314,375
190,526
252,509
75,78
819,661
24,897
788,287
649,758
337,705
944,954
276,469
34,102
382,273
693,777
710,204
847,85
889,922
670,697
95,13
214,644
208,294
493,462
88,216
848,78
925,569
47,754
528,704
106,415
66,898
620,574
455,372
291,399
552,799
3,105
332,990
997,989
319,225
317,299
126,26
114,209
256,730
178,867
997,562
656,321
881,889
635,960
512,144
611,82
249,709
487,894
235,331
150,718
357,522
576,165
898,959
901,261
541,5
696,909
794,834
263,49
112,363
249,426
339,868
963,530
803,125
874,836
180,891
477,618
189,78
992,771
179,534
259,117
727,960
620,914
219,66
571,656
300,864
389,622
178,33
399,429
628,88
135,923
565,846
109,925
901,822
587,546
907,460
537,196
126,181
802,979
717,478
476,956
848,715
907,99
789,88
142,375
58,64
115,203
901,232
773,249
831,472
904,587
741,538
978,763
603,653
402,603
128,342
325,70
204,874
574,961
344,169
784,360
784,555
365,750
508,870
715,640
482,267
244,193
156,27
965,466
737,885
699,90
305,101
820,577
698,177
538,645
271,121
472,520
513,789
951,22
738,300
402,612
33,155
849,810
597,491
61,517
254,956
313,102
985,451
929,609
372,53
955,772
721,214
271,702
559,235
626,509
664,63
779,364
144,868
668,342
662,259
471,996
571,470
322,928
916,255
791,417
887,226
152,452
289,367
296,751
990,719
678,106
927,813
884,420
208,148
707,398
410,78
594,901
11,231
533,203
903,585
656,258
511,758
412,354
628,177
845,136
339,311
676,173
706,205
365,473
553,839
1000,453
989,515
493,904
812,680
996,270
309,486
680,399
490,247
236,562
600,914
908,364
275,493
792,143
775,585
17,567
306,869
23,249
761,900
636,148
292,453
242,381
709,294
216,13
643,787
410,401
891,455
336,118
788,624
536,140
354,791
20,101
249,626
36,395
995,731
933,802
483,982
412,528
896,424
696,125
427,492
329,752
43,605
430,593
688,383
846,296
89,241
311,395
899,628
548,413
610,839
718,810
299,658
668,459
154,863
992,44
502,234
703,734
280,301
97,603
278,184
516,594
65,242
787,524
109,39
454,516
163,647
431,371
778,34
436,167
487,697
506,941
163,132
228,927
631,909
335,839
585,77
124,747
933,685
890,308
120,695
724,818
950,458
297,222
19,108
32,97
121,786
159,881
84,822
66,79
827,858
779,998
175,127
931,424
325,526
197,42
335,56
52,683
954,175
774,416
389,992
412,559
177,847
85,614
362,694
943,869
268,650
681,553
814,65
157,310
293,445
495,2
417,753
504,889
186,82
667,982
654,85
166,256
731,14
304,366
410,870
536,970
148,980
450,605
11,505
962,835
354,999
408,94
394,806
772,629
732,775
509,388
773,296
612,988
36,735
970,658
356,310
533,692
733,865
742,190
744,37
47,662
593,20
685,35
959,631
186,400
96,307
433,437
754,607
437,607
306,654
292,357
255,498
221,944
548,310
185,665
600,390
336,31
559,637
899,327
829,944
975,213
323,806
161,649
453,434
631,78
670,762
884,621
439,492
537,610
803,582
385,196
894,990
415,653
68,178
547,357
753,195
101,577
469,173
482,343
238,941
572,149
688,219
714,824
363,264
516,259
993,643
677,216
513,672
464,238
770,270
538,295
649,833
918,203
78,41
866,105
163,148
472,307
855,632
487,362
139,77
549,860
183,40
449,702
311,967
789,474
391,272
410,521
408,664
248,960
877,408
790,772
707,938
572,136
980,122
619,737
304,579
686,724
91,520
772,40
981,270
648,106
243,706
765,389
416,619
260,169
536,51
661,799
974,758
601,903
138,541
867,329
228,277
325,497
289,690
939,38
731,179
873,725
421,693
509,937
217,688
469,833
979,180
236,384
382,608
227,289
191,527
822,214
372,713
824,666
852,122
691,791
795,547
820,661
922,112
320,694
429,566
434,501
316,956
199,350
691,788
431,969
596,351
441,824
955,828
256,841
527,524
965,460
756,63
557,394
69,968
916,360
304,192
458,122
93,706
79,653
177,711
573,693
141,661
95,899
476,455
396,880
543,901
462,824
321,549
311,275
393,497
474,675
146,664
815,829
322,52
725,271
68,72
224,349
688,664
150,132
19,766
642,712
144,404
612,507
300,736
243,349
266,611
516,756
738,870
473,936
867,729
693,688
690,182
97,658
297,277
760,703
147,896
557,465
201,241
273,128
569,508
764,733
101,640
352,370
327,596
906,205
458,156
594,458
752,824
775,124
533,342
871,155
539,13
441,822
727,775
836,376
955,127
722,686
523,300
508,228
230,987
223,121
376,982
6,902
133,819
262,176
136,580
360,917
158,465
313,610
20,906
960,213
38,87
519,290
531,889
693,146
29,672
594,950
297,396
878,491
285,362
316,149
562,114
617,446
375,115
242,705
9,413
609,778
281,898
891,552
455,936
200,323
736,698
675,983
307,959
291,519
370,992
32,876
629,682
292,271
609,864
618,232
156,243
339,504
577,499
898,827
657,239
206,21
873,598
995,194
283,707
598,944
500,560
774,586
27,444
862,860
154,833
695,843
892,633
386,800
260,690
43,843
856,400
532,925
138,478
96,315
654,375
906,608
773,761
189,569
89,620
933,528
364,899
486,773
879,339
261,574
372,573
129,578
76,392
463,564
402,98
227,446
846,471
583,204
662,937
309,769
190,471
143,968
873,806
195,781
983,937
646,673
360,185
53,558
12,538
158,158
300,807
200,417
644,711
657,224
605,717
224,911
91,835
809,628
691,618
158,708
805,938
576,378
527,732
683,90
627,22
254,169
988,896
985,710
650,26
301,972
905,599
8,631
654,504
191,104
895,769
365,43
999,548
817,29
253,355
173,346
152,257
893,387
32,402
482,326
26,7
680,515
433,950
41,278
348,603
155,668
766,913
877,870
615,329
357,92
764,59
33,912
801,52
500,275
651,879
151,69
92,779
486,744
914,1000
295,661
341,976
450,660
158,857
795,608
837,13
462,616
996,806
446,5
966,670
135,673
466,215
924,946
627,205
453,369
369,68
939,365
838,815
718,715
900,626
689,87
354,427
516,999
839,914
683,717
97,147
715,103
800,77
153,707
279,197
952,238
674,336
332,708
599,503
72,244
348,63
712,456
424,496
867,252
504,704
704,438
756,713
173,341
437,468
720,282
395,544
325,22
278,433
208,297
447,371
947,548
835,117
475,95
811,528
445,684
39,220
509,420
916,905
786,61
488,396
418,523
269,686
351,720
851,354
731,854
69,24
11,661
872,90
171,586
99,36
606,507
405,595
86,407
371,559
384,719
558,735
128,477
973,876
919,574
650,549
516,85
185,124
15,5
632,766
667,858
836,410
907,261
949,96
781,777
796,255
956,207
90,860
655,689
386,237
836,320
131,908
608,732
245,326
41,425
619,229
723,924
818,185
355,363
709,638
48,303
421,222
390,299
381,797
178,925
470,978
903,2
820,892
778,709
628,61
54,350
908,302
872,547
394,515
417,348
127,552
610,191
913,164
386,787
941,49
260,258
123,431
814,999
302,464
187,701
623,71
76,371
690,85
113,616
718,699
892,528
209,578
576,260
454,707
584,846
541,200
315,663
495,180
752,107
919,637
957,584
960,786
974,551
599,32
709,996
214,39
307,413
291,468
6,571
36,620
573,965
939,757
926,916
599,706
412,817
535,368
485,424
736,551
42,235
89,724
850,925
612,515
17,713
838,774
292,45
999,673
488,359
172,199
616,803
121,522
703,235
393,275
556,958
789,493
362,392
832,763
174,427
424,85
122,461
566,928
741,845
869,173
822,952
16,145
372,313
17,391
388,926
653,712
612,408
152,411
819,358
40,545
883,378
733,890
93,757
897,936
731,997
693,683
42,891
54,205
792,837
639,829
781,480
229,945
974,773
229,648
535,888
363,511
220,621
905,850
31,573
534,649
728,315
395,246
99,305
652,601
609,70
169,465
371,307
744,497
15,320
486,324
345,33
602,202
121,515
273,339
809,222
450,245
772,25
229,711
808,684
793,970
222,567
518,349
84,827
587,786
242,859
104,472
270,105
315,279
489,64
743,143
48,507
544,888
256,563
836,228
782,822
21,634
78,651
536,440
499,337
591,619
298,369
676,693
500,306
531,164
987,153
362,730
826,466
10,161
941,994
613,87
692,165
404,471
195,905
860,504
137,27
506,917
465,934
347,832
128,300
899,486
484,248
193,938
320,799
521,745
896,330
625,632
588,359
633,424
692,354
41,330
743,254
889,975
111,946
843,948
463,150
425,587
839,615
156,725
760,132
422,116
306,117
324,698
173,502
341,747
775,492
852,665
528,394
168,621
508,682
52,99
7,628
732,826
752,179
840,216
475,966
750,407
626,950
690,974
704,28
68,421
393,452
337,114
823,232
896,268
410,327
300,203
763,276
262,939
23,825
962,493
534,230
625,925
67,122
295,655
283,345
583,693
288,24
167,188
248,714
233,413
664,446
458,752
213,634
24,867
587,636
84,436
715,816
402,455
166,125
860,195
486,193
213,641
630,203
171,861
971,198
391,996
129,203
224,725
99,594
192,450
311,851
308,598
851,465
304,409
791,739
647,4
311,714
309,812
252,9
15,348
205,957
606,12
52,347
120,820
3,122
187,808
600,668
143,938
704,847
457,921
79,30
164,583
229,375
735,254
735,508
531,745
677,944
723,658
564,73
988,452
309,400
272,563
459,4
8,610
913,313
227,488
455,782
581,881
173,782
699,869
797,504
192,851
205,324
655,573
262,698
668,48
501,619
664,719
995,400
311,831
196,628
143,755
524,473
976,609
906,663
554,243
214,682
695,812
179,298
359,331
770,919
461,897
470,11
240,671
649,508
844,74
80,542
739,962
704,640
591,137
287,282
650,794
28,724
415,457
492,647
349,175
722,2
827,934
314,656
341,117
15,588
360,126
381,663
929,935
531,273
773,584
349,4
675,948
869,229
189,948
127,246
889,453
430,450
66,319
366,340
695,195
983,231
181,19
942,732
219,754
95,198
63,283
493,623
827,308
756,345
333,249
202,777
721,412
207,562
517,851
959,933
107,52
169,98
968,916
942,406
787,549
971,751
272,480
138,224
306,757
463,267
667,891
446,313
397,430
955,837
565,982
506,751
622,144
963,867
896,810
667,551
768,610
223,201
866,193
3,26
436,172
879,816
68,511
72,721
532,707
436,193
723,891
550,105
82,224
552,432
753,10
905,605
856,911
1000,779
910,657
916,367
781,45
148,607
825,314
315,840
103,761
404,567
254,924
682,516
149,9
35,339
735,23
840,978
385,999
911,877
780,22
409,709
545,949
421,993
399,209
235,273
988,660
323,703
341,767
305,969
371,803
995,234
433,856
185,195
579,942
694,352
576,809
147,54
610,385
231,227
913,337
525,672
164,941
934,607
884,688
104,800
141,692
307,813
7,663
829,85
551,472
80,432
662,935
66,783
889,485
612,638
661,79
814,714
979,321
395,208
862,586
45,906
524,47
348,343
498,950
606,205
803,973
777,663
345,384
160,57
642,89
315,983
229,904
402,280
721,572
621,502
818,396
783,552
253,519
415,754
101,754
237,994
855,4
904,838
317,551
978,266
510,871
69,873
516,667
102,413
129,108
850,967
764,198
227,384
17,39
755,584
542,5
501,320
419,164
399,652
762,64
738,25
419,357
252,866
978,551
673,115
963,412
271,509
183,981
820,75
986,855
611,249
543,515
105,229
617,522
975,719
563,623
916,575
936,694
17,706
778,781
52,315
371,594
887,806
403,209
381,504
696,745
182,854
155,723
601,964
253,57
428,580
252,339
766,914
348,709
119,486
557,176
711,834
770,494
778,165
22,309
964,107
512,678
126,394
321,205
397,367
594,57
394,947
389,179
453,716
447,795
425,136
565,576
260,702
898,276
437,571
575,795
140,786
932,619
536,966
971,918
341,299
521,646
207,21
332,961
985,932
403,380
613,869
387,564
704,833
899,339
763,183
623,998
519,3
678,907
474,518
855,911
200,16
434,617
802,568
288,769
121,887
804,354
623,171
789,347
998,953
42,232
386,420
146,48
775,783
495,957
277,654
126,416
719,109
200,699
551,532
190,941
674,880
608,1000
576,570
317,596
38,874
400,859
750,958
873,833
253,726
668,794
246,187
604,16
964,490
963,127
191,605
425,384
759,236
574,811
301,930
572,927
531,644
686,355
695,11
498,837
486,777
189,375
427,664
607,542
778,383
161,292
615,176
205,470
284,95
578,291
439,659
1,130
529,896
436,304
569,383
96,613
463,457
233,93
646,451
748,684
786,785
177,140
63,724
622,295
33,15
317,475
524,834
375,104
813,647
539,645
874,981
56,300
821,480
949,836
875,946
495,612
816,522
961,930
258,528
753,702
643,691
432,845
834,958
729,486
230,452
921,356
667,935
625,239
580,224
962,835
289,287
675,795
602,981
358,853
671,186
34,734
340,418
185,133
862,596
988,1000
705,607
516,766
129,311
753,638
209,153
572,69
333,225
455,524
677,722
258,986
301,495
711,110
702,191
632,765
518,166
258,99
882,86
631,41
847,79
102,580
47,273
705,82
899,837
373,42
127,670
738,859
891,998
177,281
230,776
178,940
884,551
935,668
704,927
245,488
910,422
38,449
566,969
127,712
783,684
132,697
6,264
506,461
662,268
380,56
308,157
11,945
642,675
876,4
893,130
705,816
64,421
921,817
163,521
250,545
260,227
994,947
706,232
984,554
164,191
474,565
721,829
976,83
716,319
195,435
801,88
488,736
257,839
474,489
848,164
602,209
255,712
560,490
308,365
326,357
718,375
25,116
395,122
776,103
130,64
754,462
602,293
453,896
839,592
642,281
487,57
389,623
888,587
78,290
864,806
936,125
315,775
28,681
366,248
407,300
3,35
251,805
836,699
137,931
165,131
308,313
472,20
637,856
160,215
703,502
421,357
649,475
657,801
857,215
782,79
718,739
919,174
387,105
578,29
302,170
634,947
855,189
728,462
699,682
896,495
168,670
755,65
88,820
842,988
359,826
334,149
508,751
241,435
800,82
336,149
674,367
563,23
218,738
431,513
525,630
17,991
952,648
783,708
703,279
92,692
216,332
308,245
230,792
782,317
466,552
475,500
899,356
993,376
287,621
903,219
693,907
551,824
575,887
103,159
244,826
123,902
1000,727
707,743
375,365
226,955
122,599
920,614
114,585
949,946
669,525
39,494
833,471
284,957
118,716
575,850
533,747
733,730
433,547
664,990
665,814
278,885
392,799
140,283
426,17
500,811
677,112
473,639
889,704
597,198
193,826
136,590
461,963
918,895
547,733
328,326
984,383
836,889
355,811
448,954
96,421
368,356
738,647
614,103
876,229
596,934
914,670
589,733
169,704
553,153
216,470
612,744
699,862
554,966
969,684
750,641
357,854
186,444
66,601
90,445
185,502
872,44
444,780
123,593
274,767
545,729
181,175
920,179
65,306
155,928
634,19
781,650
511,991
831,863
512,746
642,813
378,737
451,562
553,501
232,925
266,134
37,81
437,445
496,736
108,106
810,295
450,13
856,744
97,135
849,721
196,149
731,703
917,521
966,357
923,651
996,328
123,143
258,159
116,791
559,58
112,337
299,828
89,329
579,377
818,704
105,704
492,344
625,626
692,734
309,734
690,337
498,945
620,443
32,568
20,682
12,817
791,119
726,152
656,130
981,843
802,994
844,820
14,647
643,32
542,283
710,648
209,100
143,679
1,70
778,876
540,409
956,45
501,400
307,88
706,994
712,83
984,590
576,883
726,157
838,588
290,313
966,455
634,160
232,577
133,674
53,473
362,154
960,95
787,105
776,751
912,41
910,656
918,37
384,624
75,158
419,317
925,357
622,286
800,394
371,366
937,925
743,594
581,588
761,172
804,146
245,862
16,212
551,373
344,718
619,275
498,824
326,397
545,27
65,158
585,813
690,13
768,696
248,297
402,553
126,74
429,557
687,198
124,321
211,479
918,109
49,976
925,687
593,686
124,328
820,449
695,62
266,129
441,359
440,944
438,537
450,120
626,481
230,73
332,748
656,102
669,874
269,636
661,651
984,634
819,314
659,650
167,213
680,860
109,473
74,126
884,25
225,551
40,208
918,31
240,673
762,287
579,8
33,833
747,42
373,952
330,46
381,118
498,720
752,767
703,501
464,814
441,944
429,48
341,667
332,695
547,770
265,759
856,88
386,343
561,186
341,247
740,585
214,266
236,657
705,466
317,641
912,649
410,166
408,901
487,732
27,235
407,437
278,284
219,649
673,214
166,194
740,447
501,37
177,952
714,355
951,302
661,532
393,316
322,667
267,276
646,941
10,235
975,796
444,822
465,14
456,985
963,616
94,11
361,487
653,473
548,174
142,389
333,37
46,101
24,961
369,381
685,392
458,341
843,993
131,919
869,317
152,371
533,535
513,3
154,76
814,90
587,398
57,843
918,856
250,506
523,357
897,922
937,766
588,176
169,650
731,106
30,215
220,54
956,476
16,924
849,202
251,873
937,249
770,845
891,383
954,532
331,838
890,362
924,79
127,4
632,420
481,445
224,393
127,789
616,999
683,457
346,449
729,758
214,281
32,105
664,529
153,397
966,134
966,607
537,28
428,863
509,229
691,178
763,492
510,473
44,287
54,916
14,367
642,545
950,513
667,531
162,900
596,932
214,621
260,924
899,274
779,670
510,445
362,928
872,32
729,962
221,812
719,500
162,430
449,905
592,66
883,979
459,743
383,970
246,197
297,265
305,412
678,231
649,345
59,605
102,183
926,887
564,232
785,948
742,40
195,871
585,243
560,765
212,678
920,313
873,567
51,912
301,318
334,111
491,730
105,152
798,578
811,906
412,977
815,34
194,448
666,593
798,657
303,368
924,773
776,292
372,25
924,654
330,580
835,957
864,27
522,803
444,632
418,910
727,560
420,21
608,896
364,795
196,878
406,794
961,354
984,830
527,849
787,447
26,641
615,732
765,654
365,644
870,101
739,468
11,320
417,53
691,150
277,824
202,968
817,464
623,354
34,883
589,943
633,60
4,675
679,845
851,169
316,908
435,838
174,980
769,818
659,419
414,215
643,76
411,139
226,460
786,261
446,270
739,324
559,23
425,890
770,802
531,309
287,132
803,600
223,684
645,708
725,994
742,89
46,210
199,643
503,643
40,677
233,430
622,781
763,591
429,795
560,242
740,165
855,899
467,706
626,747
503,610
245,759
838,843
125,580
316,371
3,988
659,249
56,603
511,343
426,859
344,942
993,795
306,930
772,844
115,239
128,327
430,181
773,101
129,806
649,781
205,622
525,486
447,817
437,682
342,428
321,415
942,705
918,263
825,547
772,432
297,265
471,772
880,119
433,256
105,763
823,149
277,177
735,569
405,645
785,382
155,862
136,123
977,384
178,921
497,766
175,539
706,227
497,416
864,273
478,978
522,107
312,967
541,943
545,299
938,62
396,123
45,618
107,514
557,92
683,36
192,142
529,8
802,574
570,123
220,765
984,150
179,776
817,832
552,571
841,505
941,308
202,243
435,677
85,654
647,141
826,485
310,802
558,748
79,466
581,952
984,70
540,681
804,911
209,224
6,107
760,932
656,59
8,134
114,851
51,992
326,515
433,524
297,406
833,103
48,711
132,377
446,408
458,667
863,254
988,524
70,697
294,905
685,200
778,575
146,61
657,199
39,499
829,631
965,769
522,670
245,835
328,495
244,677
864,313
206,405
94,207
485,807
587,958
467,681
724,343
989,886
808,462
740,737
827,298
982,62
939,457
926,9
828,630
920,29
876,58
690,462
544,280
318,705
573,980
494,723
63,596
344,185
864,644
232,191
504,804
871,908
967,175
592,108
549,804
662,614
243,609
343,327
45,447
687,853
997,523
843,421
731,890
183,579
964,572
89,313
187,501
265,241
381,151
635,195
459,118
855,327
824,874
918,462
556,169
802,457
157,728
490,984
596,602
370,576
548,232
541,390
830,373
726,106
140,643
103,118
76,949
182,471
547,838
392,336
54,766
779,252
331,523
52,112
761,378
277,958
143,873
683,330
35,674
88,874
62,1000
389,85
325,228
723,35
620,281
999,653
255,183
731,341
351,219
858,497
652,519
601,379
718,105
6,332
7,265
868,368
366,696
976,128
838,345
867,846
643,309
140,956
237,735
84,377
653,808
479,717
226,662
304,82
569,596
823,54
619,690
759,776
191,378
167,88
564,115
394,389
802,814
461,851
857,250
676,613
253,789
580,344
823,314
1,164
227,469
390,253
830,218
983,215
685,235
535,543
523,873
212,688
806,170
160,440
370,624
494,759
132,360
627,676
98,363
776,914
806,920
808,280
222,562
22,735
68,488
124,550
189,541
369,764
321,580
325,425
276,192
955,79
262,492
312,376
552,924
705,477
459,190
104,495
106,495
965,275
961,851
73,536
947,631
895,904
547,912
867,252
527,755
148,558
324,338
205,582
122,290
174,372
31,391
438,755
600,247
160,581
513,975
168,881
952,834
552,8
131,957
34,46
499,144
98,45
715,304
601,493
815,258
368,13
230,203
54,79
595,621
858,496
132,436
51,699
227,794
388,171
132,183
158,234
526,583
512,920
321,25
880,169
11,961
62,514
205,21
303,372
231,224
305,649
196,254
27,875
648,544
636,265
895,563
152,731
814,881
33,421
826,351
153,58
601,329
980,533
271,476
804,710
824,45
819,858
909,795
938,344
830,875
614,589
320,437
107,366
986,800
705,620
328,410
204,155
137,462
830,552
45,802
852,593
921,372
476,124
614,418
32,84
718,678
420,331
236,383
686,768
636,135
382,144
558,918
832,649
308,588
3,679
382,883
277,1
99,997
466,502
184,660
8,332
111,471
600,663
91,689
513,122
83,327
871,427
915,76
176,931
793,67
293,798
853,65
754,735
347,758
466,778
674,621
357,185
360,844
869,830
525,820
541,683
743,280
536,86
134,976
987,264
627,803
874,206
379,444
705,777
885,115
655,168
423,363
32,42
232,179
897,159
400,331
196,654
325,727
84,798
992,838
653,474
65,476
404,90
227,936
674,437
227,266
923,522
997,904
161,840
790,973
101,5
850,554
270,720
176,108
730,440
416,775
862,616
863,417
688,288
62,212
554,476
544,301
250,23
914,827
668,983
677,644
615,41
683,656
928,711
285,300
230,39
260,315
18,235
529,493
674,806
530,437
830,516
914,724
930,329
997,144
413,777
172,389
35,670
652,973
540,386
347,311
319,323
196,183
165,7
193,590
143,485
946,901
473,110
78,349
828,669
11,87
134,29
839,71
417,150
729,885
422,239
908,618
241,647
703,995
574,776
930,314
680,366
147,53
589,462
128,870
217,911
979,197
458,140
3,728
264,378
830,891
92,859
782,424
381,10
312,293
131,46
674,312
806,996
283,81
614,317
309,1
550,215
778,787
285,806
648,225
295,348
166,870
512,661
426,38
952,756
174,268
829,344
491,630
89,481
129,951
868,962
540,355
851,642
927,18
173,323
571,504
515,992
649,859
369,966
271,62
221,138
80,48
543,853
311,336
72,12
425,575
324,527
796,787
958,788
145,254
265,269
3,604
786,170
623,20
993,51
576,122
356,914
282,201
841,203
340,528
523,283
1,165
659,738
956,931
568,654
550,447
761,700
453,52
82,293
704,37
516,449
605,521
814,941
873,975
425,408
385,142
77,973
164,394
737,573
193,801
397,491
224,3
487,516
772,75
870,769
370,897
221,133
255,300
256,174
869,19
934,649
2,213
74,104
994,608
345,797
200,373
646,879
456,491
581,697
47,127
885,362
257,710
645,839
271,439
64,316
130,548
847,802
805,862
561,44
5,175
627,643
730,483
921,451
830,820
437,135
538,90
901,501
669,472
840,800
686,671
838,921
263,771
667,956
450,948
682,615
273,357
787,725
227,570
262,274
114,192
564,605
575,406
814,404
540,821
971,31
271,137
970,829
237,468
662,953
931,142
351,643
681,468
392,899
624,149
655,938
896,246
454,203
455,25
688,382
879,270
149,239
924,959
473,953
161,251
220,692
903,209
785,658
338,996
304,488
515,136
980,174
721,53
45,730
252,899
200,372
241,118
346,221
435,170
972,576
248,645
850,837
652,960
494,122
513,174
329,774
24,559
104,699
980,289
838,605
268,651
74,907
786,400
690,562
33,796
207,303
409,48
852,989
368,427
923,394
831,744
75,114
984,601
645,607
977,409
395,636
129,530
3,476
202,453
84,416
305,593
207,797
809,994
279,605
105,308
883,668
830,874
272,371
38,317
966,43
531,552
535,426
592,674
517,413
184,969
752,21
793,238
498,938
603,131
89,82
71,377
850,944
30,623
442,60
512,957
409,810
505,215
787,599
622,608
325,919
451,244
25,351
337,507
539,698
242,658
530,595
100,674
769,317
356,744
431,931
869,37
266,59
859,367
239,482
222,239
215,617
935,667
118,324
531,821
972,152
990,400
783,180
143,467
375,386
542,882
592,851
389,850
393,233
431,26
975,341
212,821
860,935
331,562
921,967
408,167
872,509
874,993
478,130
884,507
729,72
91,410
265,127
502,171
583,433
693,765
624,555
175,464
9,589
59,554
918,291
837,489
537,87
389,231
986,907
898,610
934,227
286,41
232,831
185,952
917,204
502,772
966,626
537,663
553,98
434,913
391,799
272,194
551,352
736,101
578,24
482,784
219,277
568,967
107,115
565,151
758,27
182,897
176,54
846,627
979,272
945,896
813,876
860,282
641,517
649,508
408,786
1000,62
586,579
11,947
974,314
467,469
316,135
727,489
712,731
187,892
764,414
25,970
551,187
891,756
459,262
332,688
213,888
781,79
973,156
300,421
45,837
418,293
37,117
227,575
135,363
749,456
205,903
230,834
318,582
964,281
868,130
965,451
565,30
336,632
954,516
62,837
231,352
723,976
339,452
630,196
201,691
879,172
634,532
772,291
776,150
910,284
548,815
597,751
574,603
609,138
486,285
34,207
169,372
742,780
992,448
506,66
547,998
206,528
677,679
974,508
797,901
75,946
951,716
813,870
301,668
667,650
866,106
646,443
440,50
275,264
875,155
136,813
530,855
393,858
931,797
738,740
637,375
818,631
598,886
906,82
614,952
564,39
234,242
612,596
441,943
469,940
602,505
921,958
41,135
122,85
740,169
614,185
127,269
661,877
973,302
837,690
469,885
233,988
313,137
652,444
26,666
896,206
799,791
836,797
28,187
567,412
435,500
617,320
5,257
387,303
913,197
537,904
339,12
584,765
307,349
513,970
487,514
78,190
166,779
805,162
624,578
412,183
548,429
248,724
305,304
680,947
7,978
602,233
862,930
118,413
615,460
289,560
906,214
839,795
996,530
923,695
833,899
184,463
615,646
348,21
776,972
633,443
993,665
211,757
864,376
123,180
425,209
440,478
289,942
138,931
482,632
662,40
570,214
495,807
979,330
113,961
598,801
80,979
78,439
668,793
100,177
963,503
535,902
616,975
645,493
104,712
592,719
215,356
986,465
75,190
377,242
307,829
255,164
21,765
717,530
266,583
142,486
948,827
906,261
807,721
523,218
481,638
183,872
794,257
657,677
522,404
985,266
42,767
624,623
186,536
577,402
717,240
80,272
791,792
926,848
462,494
240,856
314,832
552,940
60,167
85,557
663,14
947,925
665,719
243,65
677,470
416,186
681,320
537,538
795,235
140,211
901,77
707,277
161,861
320,403
312,698
675,459
739,946
563,487
723,451
558,350
459,622
44,224
993,595
104,187
80,816
110,854
198,397
736,445
996,933
412,132
504,685
541,305
212,793
593,673
713,49
383,447
234,400
268,916
315,125
238,915
868,880
843,330
818,538
133,575
288,17
770,197
529,734
52,975
731,287
411,671
732,903
581,49
895,121
233,121
105,10
559,701
720,115
352,727
330,48
970,692
268,535
159,21
320,992
25,429
80,341
539,372
15,288
493,93
938,953
269,486
336,504
205,814
474,664
617,808
729,280
89,94
802,83
939,189
125,948
776,330
741,825
717,198
158,719
954,687
527,173
666,826
471,121
201,340
189,502
699,500
615,823
476,618
457,267
994,430
857,624
524,277
405,814
59,571
245,832
321,567
85,870
17,615
580,612
295,399
635,299
166,986
365,429
655,52
120,678
59,303
3,427
25,802
546,410
559,132
799,322
929,498
367,785
175,849
70,235
495,638
785,29
405,136
79,240
594,808
688,279
632,878
638,430
540,575
978,648
137,928
863,464
733,694
660,67
936,553
38,10
439,934
937,503
244,10
139,674
915,582
144,205
616,505
133,730
784,612
872,220
797,282
112,614
333,930
232,341
858,883
319,10
629,554
701,849
481,331
160,79
833,332
335,730
195,306
197,7
242,945
116,444
68,155
345,299
363,69
648,56
175,76
447,829
166,240
382,743
839,732
651,363
423,754
116,326
670,319
623,469
586,306
118,788
14,879
379,110
509,331
199,113
639,494
60,186
902,705
316,635
339,587
588,236
628,695
815,78
420,192
994,532
168,484
113,699
189,484
280,620
702,492
29,685
808,94
68,250
595,678
158,114
689,354
554,100
712,360
96,830
857,96
90,49
281,53
712,85
81,399
807,600
238,801
629,715
597,85
414,623
54,597
867,653
310,311
116,552
781,270
168,892
101,956
926,412
269,758
681,879
992,586
714,177
695,842
343,532
206,620
338,280
196,744
813,654
164,570
739,345
735,191
174,315
697,734
185,245
105,549
899,517
734,542
500,962
500,998
247,764
274,584
538,746
523,588
677,501
385,748
773,725
535,128
357,340
269,873
898,7
759,749
845,833
229,452
68,79
707,136
954,107
653,634
701,41
962,84
531,160
255,94
236,135
26,167
175,805
501,636
268,726
313,202
585,465
343,867
649,790
513,274
133,61
196,815
993,238
175,147
539,747
433,34
378,89
214,83
867,593
833,820
842,486
561,493
26,659
92,893
208,886
922,202
72,26
214,553
614,681
190,814
977,887
698,661
979,815
343,101
918,861
999,747
413,265
641,579
116,91
602,268
421,166
269,451
32,317
615,552
591,578
61,660
370,637
404,609
240,847
466,791
580,15
629,181
813,101
399,573
522,869
72,853
247,618
573,849
35,37
985,951
498,467
490,42
656,455
585,983
920,67
61,937
258,491
21,717
196,99
402,446
258,821
468,977
412,491
275,356
921,277
884,591
302,813
740,266
163,902
106,528
606,315
545,320
990,1
623,365
869,741
518,904
640,962
195,702
952,126
824,670
758,124
904,803
331,717
638,452
573,783
410,605
167,804
541,760
883,736
425,538
507,64
329,520
416,421
374,562
116,586
566,954
248,955
547,80
301,428
453,804
228,919
395,51
239,194
509,459
475,817
673,628
815,566
371,68
365,352
57,584
369,700
127,170
29,483
740,339
506,40
94,821
806,770
647,747
709,405
106,103
304,221
252,227
411,529
320,439
229,9
280,412
497,322
935,577
431,639
211,860
486,881
32,947
507,738
465,989
484,833
138,105
934,185
175,194
98,110
588,216
198,65
711,249
319,647
469,908
180,68
593,64
416,463
492,813
995,566
91,119
601,784
430,58
901,407
651,473
93,367
159,854
247,783
755,756
672,674
493,186
44,699
573,687
451,43
96,199
690,727
185,631
422,573
505,810
669,105
615,165
7,124
793,710
374,771
473,657
738,362
456,931
481,931
350,503
259,74
249,469
392,77
35,791
70,314
625,592
799,171
972,58
602,871
75,684
21,825
738,793
632,493
740,564
757,694
911,473
510,117
309,730
573,452
272,274
298,983
926,451
270,736
601,525
857,241
38,372
281,989
331,197
197,860
465,962
456,336
401,909
310,529
483,719
731,67
611,31
217,408
256,440
810,700
445,604
869,133
817,303
190,249
609,736
493,101
905,899
940,341
184,990
880,140
108,655
283,495
324,234
772,122
732,667
291,383
974,778
361,535
824,110
721,234
461,325
234,887
765,589
676,917
253,78
205,903
470,924
431,396
448,157
128,795
522,897
497,805
838,534
599,690
479,332
84,307
929,403
447,592
810,709
899,37
215,702
557,885
906,689
199,280
189,545
708,432
180,242
731,890
318,696
79,617
684,599
455,313
970,841
188,837
731,961
817,185
443,159
879,739
862,644
963,18
747,367
849,57
855,932
539,379
670,685
718,769
950,153
114,873
230,779
543,186
164,342
823,777
878,570
515,829
499,141
310,554
940,277
450,332
962,147
333,374
773,855
115,235
172,530
424,953
994,588
140,312
166,674
565,363
681,563
764,783
100,40
801,313
195,655
661,845
975,368
369,457
290,476
563,241
129,993
841,834
75,480
851,221
124,973
903,819
365,248
966,173
771,762
616,242
110,170
385,518
101,536
568,752
786,305
138,38
79,919
769,624
585,361
667,29
70,900
66,492
749,965
938,535
87,605
756,1
276,965
828,988
401,134
226,130
476,704
75,281
698,137
441,471
415,492
168,235
848,575
533,945
873,467
673,167
575,289
851,363
711,595
5,933
260,218
155,820
430,735
400,666
538,412
455,832
150,1000
104,900
331,419
737,623
693,778
50,792
940,23
572,566
29,878
756,109
151,478
862,158
44,546
674,850
969,222
110,964
716,735
733,395
910,492
978,445
40,156
950,526
888,641
226,655
663,623
862,666
904,196
645,788
977,743
478,411
229,343
108,227
952,31
309,667
61,287
467,850
316,171
702,22
869,367
409,955
86,472
746,161
676,302
271,654
946,262
247,874
94,691
826,658
637,3
139,9
802,379
678,25
300,605
357,777
879,330
824,238
817,754
420,706
398,387
113,511
21,261
97,796
186,296
692,697
809,864
119,542
207,324
269,977
923,478
855,322
609,163
707,117
750,742
539,305
76,168
969,963
151,883
952,189
548,627
105,563
852,968
151,557
570,446
743,557
934,979
31,89
295,17
755,35
872,684
397,151
944,251
862,286
205,62
875,161
350,153
259,913
989,635
874,299
912,355
27,224
839,384
363,798
635,173
23,896
853,553
502,622
505,611
17,705
274,561
908,831
730,615
263,187
262,519
249,117
763,175
2,173
580,788
485,403
457,947
69,682
863,6
841,579
447,90
473,468
158,552
875,785
576,74
565,902
252,231
869,413
273,823
681,229
107,441
755,569
42,712
144,943
195,520
66,615
360,763
165,421
462,351
214,271
105,910
831,331
238,574
862,482
49,161
368,659
416,96
976,51
724,71
377,652
59,715
419,581
634,343
634,285
155,668
343,494
877,49
552,209
792,736
59,346
482,554
780,398
278,587
747,231
44,17
364,217
707,837
215,456
661,499
331,143
875,768
581,370
574,182
405,582
715,776
845,328
335,315
985,164
317,418
281,238
197,804
293,796
503,137
1,402
207,945
710,891
819,298
80,263
777,683
438,828
925,704
710,249
569,687
841,816
60,187
517,569
859,325
968,325
47,642
642,689
361,298
715,559
602,94
529,56
601,235
931,701
182,374
893,880
697,135
91,785
612,255
723,55
186,355
390,321
948,428
96,351
125,617
731,624
65,32
845,232
126,240
937,33
561,644
617,421
271,695
838,481
232,56
200,449
144,62
32,561
659,200
812,613
371,868
325,744
491,404
944,862
187,583
708,643
915,674
158,734
815,944
880,348
489,491
67,478
708,513
826,97
72,625
653,618
717,574
216,370
302,852
545,722
227,201
14,219
202,512
944,563
597,210
950,176
410,697
349,297
786,339
340,816
471,793
469,371
247,92
851,995
353,516
860,164
2,412
957,435
421,759
869,70
63,188
914,641
183,788
240,590
64,654
466,643
809,397
984,748
322,269
908,38
552,27
601,599
812,963
135,796
647,459
149,937
144,20
604,116
312,885
428,152
535,916
919,901
407,271
406,246
408,872
585,238
181,522
946,28
688,548
462,1000
908,595
993,914
357,518
634,652
103,283
397,695
974,374
479,697
143,282
920,483
462,739
377,718
949,48
525,561
141,72
293,488
811,841
501,88
327,101
778,265
548,140
556,788
74,984
237,826
421,536
243,957
475,287
150,770
760,178
103,822
426,871
591,671
855,974
352,441
528,140
44,476
609,809
169,539
887,500
412,549
866,550
386,69
715,739
881,215
203,397
681,14
204,666
674,381
793,293
265,591
728,187
372,46
469,686
47,405
442,12
675,675
925,685
12,479
21,598
712,534
747,502
488,136
336,58
774,406
812,663
119,420
450,751
896,879
643,695
6,309
835,54
57,643
588,147
723,155
183,377
722,556
698,204
567,690
548,538
994,226
387,778
228,84
117,38
411,62
939,806
722,712
174,535
14,264
640,767
940,433
679,634
111,489
819,99
812,524
298,686
751,248
307,124
124,74
182,742
576,111
751,599
255,502
815,749
443,676
986,642
240,962
896,775
484,415
252,901
653,777
53,830
596,942
674,630
474,650
991,669
951,354
630,165
586,171
861,168
933,10
413,411
307,53
184,307
309,484
421,912
416,599
946,964
499,219
343,254
711,500
191,355
975,322
813,522
416,242
153,436
873,812
712,978
810,111
942,990
46,82
850,686
847,833
24,689
355,983
737,353
318,752
102,745
408,318
486,972
227,46
316,502
107,186
316,580
604,931
281,822
555,452
917,573
679,1000
722,775
253,146
381,73
562,975
48,899
736,573
230,467
452,873
94,359
604,948
524,402
400,810
400,808
464,122
838,161
723,540
514,165
697,163
399,318
364,511
498,792
751,54
109,374
708,594
619,142
869,195
624,159
762,377
920,407
225,576
769,580
160,435
233,869
392,368
700,351
836,524
734,123
658,764
373,281
959,495
655,164
189,178
574,120
503,347
732,907
821,731
820,946
238,307
966,514
370,352
772,8
47,651
468,182
327,520
270,918
943,461
431,96
843,657
19,777
446,793
920,828
970,584
360,102
404,767
993,327
18,750
245,371
525,178
152,664
684,110
192,777
956,988
748,8
16,227
819,585
203,111
159,710
675,746
527,995
707,105
107,955
138,256
823,44
257,579
806,666
892,748
884,762
945,916
49,451
192,915
709,595
476,345
288,840
988,911
373,45
671,23
269,968
61,87
977,266
949,506
904,22
307,489
392,463
468,881
732,891
28,261
7,638
632,784
272,251
305,516
208,642
102,691
396,247
363,178
685,438
724,678
90,700
185,944
968,14
615,554
808,222
505,610
37,861
679,317
686,421
350,782
800,559
212,739
407,857
102,521
895,241
493,11
553,320
832,912
239,534
976,630
135,609
575,195
887,123
731,810
508,193
38,152
250,734
647,103
180,583
365,323
498,771
889,762
840,837
557,69
393,678
141,624
471,841
535,282
397,761
433,300
834,70
258,16
749,670
749,851
569,686
643,255
574,122
515,961
871,21
54,190
893,845
589,937
699,887
872,569
604,333
744,194
902,948
699,338
866,613
843,341
164,266
213,93
735,831
35,812
222,480
692,931
287,492
125,374
101,224
579,117
24,461
213,177
633,598
659,326
421,387
106,698
640,737
444,983
629,148
504,557
127,121
699,759
723,285
375,823
542,104
61,697
83,530
512,789
939,860
274,164
258,82
578,42
590,998
413,479
845,825
962,209
334,351
906,63
778,303
923,685
545,479
290,868
493,9
240,411
466,909
168,191
475,221
64,484
538,47
437,506
535,517
820,228
206,101
935,863
28,588
413,856
690,20
465,745
440,638
966,693
387,761
125,398
434,380
313,262
266,763
858,269
739,991
416,124
167,567
281,518
80,856
737,226
308,115
776,511
387,820
605,402
646,807
432,835
674,990
981,455
461,271
705,600
548,237
915,34
962,728
331,241
390,821
37,919
418,913
522,724
223,165
88,777
434,963
514,562
836,917
994,136
750,240
587,946
158,393
376,491
205,142
786,724
572,553
295,950
645,937
332,233
565,665
217,835
63,114
2,13
472,676
504,425
724,437
617,994
486,9
687,718
141,334
309,390
59,602
401,110
886,599
152,781
32,693
853,250
571,438
832,478
525,456
633,265
990,824
834,413
419,332
854,261
304,803
86,104
199,123
845,138
433,362
896,475
37,176
309,310
857,47
288,861
16,181
849,77
263,29
963,989
637,920
263,993
785,61
895,562
247,354
139,973
755,148
22,348
713,4
834,740
354,335
753,831
266,277
320,209
29,391
744,782
201,395
704,358
10,237
735,975
587,981
381,516
657,438
854,607
246,635
601,238
662,656
206,810
160,405
400,483
549,129
152,28
312,579
345,668
677,864
438,375
54,593
976,686
196,43
24,361
923,421
802,714
210,782
3,410
983,37
185,818
764,308
207,874
25,863
329,577
575,75
815,611
126,957
229,92
190,375
267,637
495,267
294,96
526,831
875,155
825,586
179,375
994,78
107,884
57,953
194,533
909,838
764,529
962,225
889,410
567,524
820,800
367,243
222,598
835,714
157,212
104,984
31,275
226,837
317,419
750,13
917,954
187,614
885,273
95,926
28,67
435,664
78,291
168,19
321,980
599,307
62,923
174,181
228,263
270,725
858,367
182,210
253,225
203,354
559,803
572,146
712,256
750,209
607,943
248,563
785,492
771,388
29,668
723,254
335,402
593,484
302,482
271,68
412,685
470,141
315,70
23,788
970,777
592,546
422,738
714,597
695,753
604,71
304,859
600,439
604,460
235,88
177,612
895,559
227,462
363,463
291,813
702,736
723,860
524,617
534,674
170,801
479,217
59,458
729,118
739,247
352,26
349,497
493,470
428,804
607,822
1,261
632,416
310,862
216,76
714,641
824,825
594,533
284,257
59,12
203,102
937,806
123,894
58,713
221,678
343,957
158,449
692,104
796,625
841,404
17,18
263,679
980,346
242,812
249,449
948,975
76,289
743,135
548,668
120,746
644,892
168,219
244,305
208,101
509,562
119,958
272,959
470,387
303,215
297,1
594,266
681,198
174,301
733,89
201,817
300,248
76,401
100,652
947,896
64,246
288,439
519,969
254,603
90,748
49,948
1000,994
466,743
885,566
524,519
520,863
75,332
56,579
487,305
930,448
845,668
709,386
687,838
581,198
8,714
791,783
246,718
709,928
214,16
598,797
218,120
832,722
54,228
130,415
679,906
930,213
962,566
273,216
284,961
859,358
172,202
492,313
132,34
474,253
350,400
15,193
450,723
929,148
132,91
358,168
977,905
506,394
902,688
138,325
116,975
459,7
189,438
135,379
89,448
411,81
436,762
966,318
665,356
499,995
940,589
514,552
778,385
470,336
638,840
369,189
982,638
361,548
320,451
160,964
72,112
970,416
702,972
746,865
911,717
897,580
480,711
146,837
797,890
981,385
46,983
450,106
291,104
196,521
248,877
808,694
997,842
830,299
643,970
811,47
106,372
202,44
769,694
772,786
251,116
618,741
780,581
91,664
984,545
697,784
341,524
73,315
570,514
842,57
889,465
378,333
838,922
5,134
971,142
705,745
791,700
938,617
205,706
571,891
293,300
641,801
542,764
72,31
403,56
29,878
139,186
285,701
212,195
178,930
844,959
443,867
66,639
206,310
438,94
280,563
29,593
689,226
975,129
210,258
86,234
217,433
741,807
505,225
107,888
207,957
649,241
359,747
351,719
223,503
895,31
332,785
385,349
612,557
634,272
47,451
794,55
126,311
381,5
279,496
375,773
558,607
957,819
612,279
835,329
376,494
441,499
397,510
845,102
36,185
508,440
478,92
571,241
472,919
958,410
358,52
230,47
419,283
923,247
430,823
571,779
502,735
92,107
28,538
624,177
675,934
921,422
541,704
657,910
856,109
343,772
170,401
365,604
780,814
768,599
316,939
63,590
534,649
861,746
305,771
693,607
685,607
557,745
422,840
522,193
42,1
610,25
784,659
825,78
205,741
777,776
909,265
248,646
323,282
441,913
1000,237
285,591
541,647
887,45
978,78
506,571
387,118
50,492
552,451
22,679
473,52
72,530
482,459
850,681
599,597
261,464
826,14
486,422
285,761
610,801
305,176
352,112
502,699
328,607
24,149
205,632
286,746
875,180
655,260
620,100
954,873
683,595
612,915
893,335
930,956
482,260
144,139
910,440
204,972
78,655
653,411
964,431
970,556
88,939
627,518
594,504
448,225
167,229
919,92
671,858
695,412
577,134
253,49
892,436
469,102
408,601
42,667
494,638
242,940
980,950
53,366
548,146
561,4
982,173
12,964
493,531
231,964
192,239
391,917
323,853
849,96
43,385
429,757
112,684
293,855
27,160
298,957
737,500
935,797
755,670
50,521
273,215
302,493
296,192
932,905
944,217
989,556
685,364
876,506
124,816
48,989
848,776
366,829
452,63
926,813
800,708
189,545
259,549
521,389
304,335
497,464
486,739
43,384
166,855
190,898
817,466
43,548
133,750
406,878
482,105
112,685
788,687
609,965
206,80
79,69
370,622
210,732
999,333
674,177
80,760
453,532
548,703
154,229
399,248
235,369
306,166
191,637
702,152
439,925
353,872
803,794
691,696
788,278
766,246
194,642
92,44
877,479
143,803
775,688
408,564
449,296
854,710
635,422
784,742
356,743
702,255
117,695
510,374
972,104
697,659
100,43
34,203
779,109
928,192
116,759
209,76
841,544
789,145
489,70
321,71
594,485
234,922
397,871
765,269
929,827
394,738
846,708
869,491
754,135
794,719
266,619
2,285
395,210
620,971
380,963
438,79
895,128
473,269
805,456
855,206
173,84
838,654
414,410
903,277
29,42
904,64
547,465
122,198
843,672
467,790
69,566
917,63
941,130
366,584
667,314
877,95
507,519
299,65
536,364
448,873
407,363
861,227
636,724
543,946
644,906
644,991
176,259
441,805
330,596
829,756
445,897
369,686
934,757
122,353
907,351
877,682
992,45
510,719
321,899
663,650
3,30
419,393
700,500
489,111
973,591
639,655
470,558
564,274
702,307
631,529
362,479
708,879
175,904
284,786
775,449
435,985
86,383
359,993
135,308
947,294
785,223
897,377
236,634
237,610
453,754
440,1000
475,178
171,890
699,787
468,382
79,222
1000,869
776,610
80,996
825,170
682,22
217,871
553,579
127,221
711,611
999,737
805,501
580,808
705,529
501,39
308,297
938,895
299,123
929,874
321,498
773,898
506,363
222,442
531,138
499,559
637,496
49,579
86,543
880,613
829,465
155,689
674,571
54,875
425,240
747,609
623,593
74,332
272,518
184,851
688,506
142,68
809,808
185,597
47,727
19,778
21,404
107,679
991,9
679,690
324,642
365,303
324,590
213,347
228,662
949,740
586,31
962,549
359,487
33,87
492,375
782,390
645,548
809,431
544,29
879,878
857,499
599,219
940,997
942,625
995,866
773,744
786,415
356,450
587,899
56,561
893,961
180,840
102,62
490,344
118,74
481,535
476,509
321,111
229,882
425,250
901,849
610,199
156,461
996,138
526,530
452,497
566,256
296,782
105,493
905,417
222,328
447,637
154,455
918,291
124,54
296,122
523,144
720,862
335,474
114,501
839,608
532,273
129,773
718,701
35,565
654,702
259,87
770,727
581,531
589,595
572,488
645,891
232,449
857,253
248,529
90,949
137,409
153,178
100,700
936,2
832,867
297,159
582,667
828,397
781,32
970,711
928,817
276,254
343,21
457,228
600,33
934,808
884,719
898,815
654,668
73,558
459,404
881,504
821,573
819,652
52,445
198,88
983,498
211,218
765,640
554,392
62,212
918,687
118,924
878,141
747,409
200,438
337,312
981,268
587,123
911,467
407,426
531,809
572,483
657,979
54,818
89,804
656,603
992,345
556,686
267,271
923,790
162,414
898,794
378,338
907,235
337,895
6,316
949,177
588,821
877,870
111,632
170,217
448,33
90,494
511,933
4,86
807,205
862,687
212,764
530,752
467,536
897,752
22,87
278,627
596,129
493,67
846,627
131,540
846,660
72,890
623,556
308,722
715,480
76,44
564,167
350,402
516,559
210,116
821,991
743,291
450,780
769,259
379,60
819,335
739,254
522,384
265,855
750,225
592,581
256,336
462,378
236,698
916,396
888,733
655,946
730,414
316,188
577,121
989,225
710,38
654,510
320,226
788,851
471,409
125,860
197,68
2,631
711,92
954,851
201,23
914,800
599,731
822,20
166,360
622,763
39,745
67,232
50,119
265,671
148,298
693,68
649,407
658,152
904,176
172,521
921,693
401,250
668,60
812,827
226,249
435,131
739,662
423,954
539,928
176,19
68,832
165,903
628,41
703,154
837,349
669,201
208,895
17,92
159,830
418,165
573,514
233,21
338,543
269,37
173,156
325,313
396,329
957,682
838,627
904,239
661,442
952,758
277,52
567,596
115,155
441,738
663,837
215,808
121,996
238,385
749,759
695,714
703,738
462,370
595,851
939,676
143,434
439,746
652,559
904,641
731,293
765,191
301,423
284,521
478,571
416,459
490,598
730,543
700,865
219,322
923,579
25,508
675,70
161,40
497,340
894,270
148,696
715,241
334,852
659,628
963,859
303,828
34,60
166,746
523,880
333,540
425,474
729,181
189,601
773,578
314,776
297,428
221,861
378,643
640,918
864,307
482,737
581,211
37,621
734,624
127,55
719,451
891,74
140,402
842,525
686,382
392,170
793,518
928,143
626,929
352,178
404,763
810,666
373,116
737,607
690,460
826,428
860,935
656,742
31,57
454,100
160,415
464,413
467,188
154,791
136,490
530,735
805,370
554,337
975,806
375,51
926,6
114,778
471,1
339,140
839,231
495,739
130,897
548,126
405,40
375,566
120,445
733,863
212,3
940,259
222,135
890,547
372,300
952,932
269,573
56,805
173,383
187,217
37,488
301,917
549,731
225,375
521,328
316,76
153,99
956,151
887,586
483,394
690,98
430,325
886,44
475,314
598,213
445,879
866,422
367,190
466,591
767,503
557,585
349,349
571,785
924,649
924,70
168,215
730,410
779,396
559,403
344,636
660,453
168,265
37,459
198,908
721,514
456,502
209,645
797,488
704,35
840,80
989,217
469,439
122,580
380,167
451,991
56,692
500,466
557,821
442,983
906,281
273,905
646,468
961,813
300,199
910,910
21,473
826,889
83,550
173,972
707,790
374,327
579,720
375,395
918,400
447,161
859,339
503,833
785,303
951,248
959,564
555,750
634,728
535,321
109,10
573,796
753,132
532,399
547,454
384,814
305,861
705,592
958,383
711,465
139,928
108,891
460,754
149,603
665,419
718,801
438,909
749,313
879,56
639,627
442,715
962,351
330,981
396,240
389,932
329,486
657,461
236,911
271,577
47,562
483,221
991,157
83,571
971,338
316,339
564,764
781,9
301,872
796,229
279,671
140,684
773,236
990,247
590,52
239,243
214,542
60,51
537,181
151,118
87,367
429,520
417,331
580,740
276,765
544,953
312,505
662,310
242,34
227,607
32,587
598,261
56,681
688,197
797,695
954,360
100,249
284,883
487,48
701,768
270,951
710,855
216,106
727,939
428,653
812,606
123,727
257,789
594,849
75,368
962,369
833,575
799,979
707,507
474,918
212,96
882,596
477,366
416,597
254,597
230,249
210,381
46,601
419,517
447,802
188,85
876,736
460,282
791,247
229,445
645,222
633,118
451,255
543,584
176,237
943,930
980,524
535,118
664,686
508,713
445,138
522,914
636,840
48,756
370,455
254,158
292,318
354,92
770,465
167,565
155,789
948,740
837,402
407,258
807,592
164,218
501,915
538,765
831,9
802,957
956,91
173,292
591,524
359,685
911,705
55,765
43,50
941,257
724,709
799,571
889,660
443,605
680,956
667,623
150,334
486,363
269,49
539,974
322,173
602,420
817,257
314,909
884,649
666,437
130,560
143,275
662,703
339,301
832,695
457,798
371,303
27,98
866,412
557,748
423,616
657,988
608,21
331,603
577,7
500,987
394,512
620,352
9,805
851,569
58,79
228,916
121,205
641,35
76,802
854,311
146,352
689,925
2,997
701,364
236,65
263,298
852,697
225,649
136,973
587,279
162,180
840,950
452,781
259,660
599,59
693,655
784,719
529,228
353,821
772,604
896,867
407,550
379,914
666,52
936,390
278,788
394,674
292,683
901,274
904,984
783,732
347,700
70,27
75,453
721,582
513,644
345,684
236,730
827,752
692,5
450,952
696,267
77,99
365,241
157,921
605,438
636,635
466,593
76,100
256,292
346,583
643,208
940,672
280,616
952,868
740,753
345,123
619,59
982,419
786,385
335,726
565,528
502,735
904,105
941,696
821,742
575,744
945,266
180,155
302,423
692,133
96,38
605,130
665,401
253,294
446,312
388,844
71,271
197,582
513,529
73,384
646,269
874,914
616,328
800,368
518,300
125,46
896,472
890,836
992,369
928,170
879,403
169,297
582,702
851,317
363,441
545,67
511,243
477,353
665,441
840,370
938,694
902,600
610,174
912,988
802,966
328,895
647,992
913,97
776,233
225,121
762,1
809,674
414,721
903,190
325,605
750,819
955,321
406,813
506,602
340,558
652,565
528,955
799,614
5,199
463,70
677,865
477,920
444,713
765,996
246,850
335,251
361,4
994,836
863,606
772,414
156,576
146,769
962,84
639,209
373,956
69,424
640,901
447,935
475,191
420,269
470,49
765,4
628,265
651,679
903,738
471,990
751,609
412,374
31,276
304,860
393,454
366,962
213,687
221,508
178,665
313,651
521,186
146,945
482,781
738,129
219,13
111,144
972,121
592,514
199,720
947,286
78,562
927,536
411,907
894,564
244,405
779,41
162,575
577,835
497,834
420,223
998,377
418,301
348,829
949,965
197,977
989,108
712,168
396,207
217,342
726,167
248,390
523,415
602,36
36,247
255,770
426,142
193,342
78,635
992,321
782,459
801,524
684,584
441,932
273,27
675,669
477,968
563,809
877,660
887,144
710,927
488,163
207,867
83,198
833,710
244,59
582,410
259,222
768,82
865,718
958,602
864,332
866,490
668,426
783,43
868,506
233,843
886,844
63,630
541,970
614,334
114,37
399,412
892,830
227,238
526,866
705,927
580,779
84,117
713,94
534,869
259,556
44,846
709,700
493,704
425,946
690,823
656,262
638,372
615,871
672,520
210,46
585,131
633,621
660,395
38,559
468,920
408,917
17,465
359,587
938,980
428,392
224,512
25,123
965,971
656,255
860,82
217,455
320,142
675,88
975,223
622,370
700,31
573,523
457,122
490,366
323,646
745,26
416,892
549,67
987,517
508,717
210,48
566,533
310,731
783,67
407,436
43,630
188,918
969,924
549,861
639,66
589,897
969,959
711,464
945,472
947,424
746,634
644,167
355,23
387,664
426,240
287,784
273,977
361,113
561,573
50,47
707,613
41,854
552,123
774,831
487,306
894,80
395,234
159,609
920,458
674,934
272,572
387,837
952,584
46,144
325,287
724,415
356,211
397,145
296,980
885,218
964,757
69,421
248,625
486,565
442,189
745,183
114,801
928,363
630,983
574,738
585,501
860,318
155,183
696,283
147,856
651,952
726,460
21,622
834,321
240,745
143,977
1000,242
760,179
818,617
900,622
52,925
863,969
28,299
284,228
616,130
321,200
794,359
262,518
381,182
227,504
349,641
907,866
683,713
69,383
991,384
38,183
724,204
53,841
496,275
269,240
584,514
259,218
778,462
377,371
27,634
510,180
660,15
250,899
211,568
356,864
814,3
566,828
500,752
786,675
771,368
916,207
984,515
146,154
645,154
984,80
321,815
354,16
445,367
234,802
301,233
413,455
366,853
542,584
202,336
47,301
984,52
94,747
718,988
561,57
199,537
754,525
145,280
518,472
716,210
415,598
550,955
74,558
147,57
922,476
844,177
43,302
34,955
829,230
974,325
392,699
846,510
19,676
382,178
906,811
175,80
967,214
86,855
263,2
27,815
552,918
952,856
68,776
66,942
351,823
170,281
777,718
6,213
535,896
422,824
356,217
878,260
49,714
711,117
121,855
983,332
657,273
565,71
786,23
716,384
251,93
696,230
449,184
359,842
418,13
57,420
320,595
281,221
294,794
206,417
170,168
510,39
718,264
410,871
872,562
866,327
604,558
348,180
22,31
8,334
290,782
137,477
747,568
5,346
503,347
188,184
117,608
250,116
777,823
762,536
131,481
496,934
239,288
513,232
370,21
904,441
379,336
907,288
363,700
565,369
226,457
335,286
425,189
695,530
109,933
577,392
923,448
20,320
123,704
202,43
888,901
426,673
523,83
920,401
747,745
843,535
43,690
651,416
906,799
5,121
226,156
959,477
79,83
867,100
163,172
647,886
558,720
424,430
244,256
646,973
153,634
740,549
952,866
992,895
101,888
565,559
76,734
196,378
756,96
649,65
841,19
34,906
940,464
822,801
956,452
649,969
316,986
379,917
491,869
972,628
694,200
667,137
202,847
220,294
225,537
354,760
698,469
611,130
97,783
274,399
561,874
12,622
815,761
351,788
241,655
110,187
422,178
904,312
217,972
633,901
765,161
195,243
665,507
818,374
624,481
319,982
387,677
57,976
394,808
711,467
136,314
156,94
469,101
258,295
228,86
886,934
21,857
571,96
334,962
126,5
131,198
324,836
9,870
453,311
967,601
289,307
197,809
186,323
907,453
799,607
402,445
642,473
270,711
195,491
118,292
818,187
696,911
291,53
193,321
290,692
926,488
901,333
873,457
689,609
599,164
428,944
130,694
271,325
285,583
122,254
646,138
873,150
233,321
400,244
294,948
633,168
663,475
828,402
980,851
930,667
786,55
596,649
556,46
75,583
952,347
37,991
136,689
213,640
866,586
580,460
901,702
839,368
24,621
165,870
561,544
699,292
931,278
229,146
658,582
996,427
203,564
623,749
968,835
396,285
852,446
107,734
581,754
38,12
83,299
837,165
45,775
731,696
181,259
256,782
889,36
412,970
152,463
362,650
522,637
495,269
350,682
334,66
775,974
855,775
433,5
576,807
621,59
805,86
115,912
649,28
643,454
467,792
769,685
403,852
265,321
173,684
608,73
240,27
1,507
254,166
57,64
751,961
450,800
392,397
156,583
676,152
288,877
669,31
852,482
960,451
480,833
866,181
44,672
319,531
985,570
562,621
1,223
748,192
302,467
215,967
450,989
211,142
69,884
414,653
119,195
993,625
333,964
212,488
777,354
872,485
730,626
744,566
164,391
572,160
633,17
166,638
193,865
721,606
130,349
558,241
636,332
851,584
839,181
411,722
378,868
256,167
752,537
95,169
345,357
777,361
279,69
275,842
298,984
993,977
39,150
844,674
367,876
23,530
779,449
357,554
540,572
784,722
80,269
467,823
276,43
606,119
542,927
108,78
128,369
577,495
731,589
151,523
951,801
776,42
235,255
451,54
926,621
528,238
689,530
728,469
653,351
7,483
635,690
843,837
654,731
39,474
522,959
29,111
631,675
739,907
511,881
537,111
284,231
366,802
469,596
784,966
984,253
381,32
587,348
868,255
55,975
241,464
848,523
897,718
658,792
848,694
241,456
349,438
872,685
76,154
43,76
230,998
539,596
27,125
458,559
171,704
41,323
705,753
682,640
461,985
672,782
532,253
107,437
894,697
781,315
173,881
936,76
911,978
40,930
722,42
292,304
784,722
304,956
968,584
735,932
827,390
251,605
412,583
244,881
76,544
483,674
171,156
418,789
433,783
987,99
710,468
6,338
653,779
241,926
215,877
676,265
222,848
724,411
435,209
769,684
876,4
270,761
128,484
519,793
45,357
535,381
362,474
352,389
56,418
229,365
512,789
929,933
762,741
141,304
97,904
143,606
898,451
642,876
106,304
202,627
513,572
640,919
871,919
160,521
574,180
921,968
978,805
957,397
249,208
496,364
551,263
297,962
174,29
954,120
535,570
819,686
995,688
304,67
989,331
371,642
729,582
400,295
289,982
935,299
496,919
33,283
328,114
105,413
244,446
351,500
493,147
697,201
389,756
829,267
815,196
960,726
458,800
890,115
371,232
763,172
920,366
56,855
15,426
224,929
465,48
459,749
750,937
181,935
898,179
981,150
637,266
127,917
382,365
117,938
380,533
208,45
95,145
836,542
875,932
238,229
971,429
391,63
790,808
764,596
764,910
541,146
901,77
966,861
592,897
15,288
30,623
665,312
632,921
718,489
171,969
366,684
828,556
882,794
457,869
51,569
505,888
420,588
447,175
721,624
330,888
842,969
755,90
885,893
422,560
696,540
34,950
175,114
430,664
138,557
712,110
755,712
619,18
735,900
413,443
284,759
134,296
385,437
350,576
191,664
310,573
219,356
667,125
285,417
65,88
607,819
895,862
170,232
635,468
672,955
365,930
633,108
322,450
123,145
106,465
269,240
996,989
217,2
553,787
703,868
500,724
512,863
618,489
109,71
128,442
450,936
553,77
612,829
362,309
508,267
88,449
559,807
174,272
775,704
340,115
485,289
154,51
669,314
177,321
988,602
788,230
583,975
102,351
300,446
300,332
998,440
669,259
478,261
40,694
212,974
47,582
577,628
158,809
572,136
684,719
631,823
241,19
726,731
914,233
171,438
33,391
16,280
266,453
797,860
929,644
42,47
123,804
439,434
393,485
64,982
545,663
918,831
660,540
195,518
505,285
500,845
797,453
450,785
302,37
61,558
446,469
89,409
938,335
955,590
835,459
491,164
647,237
679,66
797,90
695,9
1000,18
864,3
467,236
889,529
905,561
520,984
678,377
349,636
516,721
39,512
432,810
368,779
297,42
328,763
87,622
429,150
177,641
919,56
786,797
148,620
147,196
70,355
476,607
340,195
390,909
427,102
301,41
538,667
828,404
251,434
574,273
843,594
945,791
195,995
966,969
336,982
385,712
814,583
523,691
997,968
665,281
846,471
412,991
179,456
796,521
165,152
360,636
248,301
33,673
318,535
101,61
638,532
389,623
878,550
807,741
618,242
500,458
970,959
249,203
356,896
485,335
581,791
377,556
785,671
408,847
432,215
995,863
305,457
7,813
198,905
783,847
73,470
595,978
865,581
516,13
926,652
748,543
329,359
320,260
382,319
557,322
223,992
93,44
819,441
576,482
154,299
632,811
682,379
517,863
728,811
317,495
556,244
462,424
413,449
723,396
871,651
135,687
575,888
650,372
62,26
753,258
512,964
266,248
598,300
526,811
269,871
703,599
86,517
240,58
599,590
366,777
289,767
390,823
419,89
327,313
982,76
663,621
441,381
983,755
653,637
16,835
292,800
162,512
990,788
820,81
484,304
8,608
760,397
342,213
395,843
436,513
621,779
740,342
991,994
492,801
306,843
428,275
469,10
84,298
128,249
774,855
470,727
983,428
207,722
567,939
365,102
306,684
215,103
194,4
212,578
90,215
619,22
767,201
691,644
476,495
741,71
219,995
265,827
164,370
798,38
368,760
80,353
843,611
68,739
51,663
444,692
742,424
157,345
568,775
412,470
564,991
320,445
679,580
308,280
552,540
40,555
23,822
348,853
233,455
908,379
630,389
493,185
413,28
928,175
349,800
212,303
443,660
773,50
325,375
425,415
946,648
59,497
542,92
781,3
863,989
821,841
300,370
133,51
389,1000
502,951
616,602
89,1000
300,360
400,186
96,674
424,516
795,603
232,990
110,694
782,693
787,228
259,100
679,415
859,648
416,310
485,843
883,483
406,438
420,820
656,789
109,515
58,871
44,398
55,509
384,217
957,878
765,740
172,323
883,862
954,415
585,700
840,72
370,472
996,713
411,89
544,652
980,768
841,375
506,194
624,793
193,660
605,856
126,406
844,721
66,340
550,872
426,895
64,992
332,576
477,587
607,711
170,704
900,146
50,631
239,495
128,376
265,67
463,458
233,199
777,522
330,257
338,731
953,193
146,640
451,759
607,331
836,43
281,901
765,973
211,545
258,624
558,602
228,364
170,904
720,403
913,147
87,833
768,921
365,68
516,300
224,321
387,303
699,853
400,799
885,316
197,648
144,583
349,96
9,515
859,107
365,396
2,417
960,73
579,236
149,957
710,514
437,320
938,301
584,168
494,756
684,183
575,828
528,748
560,106
568,140
643,51
140,719
33,884
312,70
129,938
829,976
886,762
126,192
739,278
603,485
225,831
875,368
972,839
959,546
716,338
929,378
103,194
52,439
583,311
389,590
88,117
423,364
917,881
109,588
567,355
98,848
790,810
63,421
829,977
10,200
282,399
849,230
251,354
663,584
701,141
531,594
12,781
269,129
950,657
960,934
107,444
561,48
220,70
973,323
212,554
991,633
268,998
593,141
299,360
348,46
79,340
615,476
173,661
67,111
804,478
560,990
39,381
273,805
727,167
984,640
569,574
919,438
102,767
239,394
663,188
633,85
952,926
708,453
690,537
991,209
256,657
383,564
27,581
37,209
462,634
964,333
968,551
9,885
355,329
421,174
11,465
863,29
446,312
988,162
684,46
90,398
914,953
16,178
421,216
684,752
460,126
894,605
913,197
944,875
309,405
934,902
555,934
967,195
197,409
690,577
278,324
223,188
693,361
630,409
495,145
327,170
118,800
121,112
699,847
793,402
262,145
419,991
796,608
694,676
690,189
933,59
966,930
296,625
668,257
584,392
552,448
470,341
684,149
826,438
382,407
720,461
589,683
708,454
403,558
398,893
329,540
539,916
447,35
773,678
888,724
808,230
771,405
178,244
748,329
64,612
805,997
178,499
866,926
762,52
277,33
170,648
486,656
870,706
353,708
920,268
791,263
286,392
14,942
380,651
562,678
755,941
496,65
375,918
450,260
185,708
852,476
917,669
345,54
958,877
525,595
383,676
626,878
528,200
439,38
40,218
50,719
860,156
115,144
508,894
37,152
782,290
684,537
250,398
840,401
959,252
117,700
912,671
20,543
904,943
670,87
706,804
208,481
23,246
659,621
936,633
781,298
375,366
981,774
536,393
864,597
531,596
187,901
261,551
762,663
5,887
525,992
936,243
647,692
932,736
921,784
860,987
743,34
448,780
178,375
262,573
284,943
910,17
771,464
771,818
663,834
668,38
465,581
770,982
875,828
570,530
380,172
837,591
753,447
147,743
908,690
704,794
810,396
683,544
539,425
734,647
331,567
971,249
660,385
860,745
421,998
698,209
276,106
507,978
476,591
907,386
160,450
135,819
21,598
375,923
402,777
768,58
49,753
656,195
898,837
495,387
827,694
509,390
591,727
141,589
849,305
716,217
490,976
611,153
277,288
480,419
505,355
133,467
513,833
272,11
627,361
9,445
352,474
384,25
741,148
454,699
538,460
263,782
63,122
120,629
24,79
542,978
787,59
914,152
303,851
761,578
628,5
784,899
894,459
523,159
176,809
393,13
381,312
218,767
206,62
425,247
357,781
990,751
426,815
166,423
235,817
515,879
954,632
70,510
609,75
900,853
536,956
504,558
532,769
299,940
134,625
530,919
246,511
936,115
823,383
526,23
312,698
627,20
793,313
67,11
417,603
169,356
228,226
708,568
733,324
747,915
144,195
632,974
20,529
330,245
71,583
114,939
624,427
631,248
92,686
166,242
86,492
456,324
393,665
401,210
727,205
782,269
513,243
702,640
533,807
316,840
13,856
412,688
185,882
112,984
399,177
362,291
808,937
862,526
236,458
712,922
387,359
620,71
59,397
916,947
944,492
305,377
620,661
393,719
474,12
218,257
608,41
819,842
653,834
214,724
808,38
176,703
905,347
848,478
783,878
364,982
45,469
158,545
959,904
103,847
278,139
734,839
226,278
966,378
607,387
93,683
503,933
790,664
802,851
399,466
370,241
661,921
564,498
1000,31
333,139
68,353
208,12
507,807
980,5
815,112
411,829
563,404
929,546
237,383
681,889
322,916
623,18
444,37
13,753
974,225
460,997
110,596
431,478
51,573
549,918
340,566
337,523
453,400
108,901
502,927
506,623
970,594
711,53
853,970
547,136
935,12
92,736
265,778
550,827
583,882
920,835
771,139
530,8
792,943
46,70
600,112
927,909
177,930
769,175
400,911
454,841
879,282
627,452
620,14
255,857
723,215
559,981
82,277
263,346
701,867
697,642
426,408
184,984
650,292
270,227
661,414
852,625
87,233
598,695
62,807
974,886
670,990
196,315
448,355
427,505
832,492
832,59
387,525
421,745
958,991
725,944
822,115
660,404
720,60
640,932
137,835
274,555
399,716
551,437
973,274
704,183
707,927
146,902
84,269
281,459
720,996
37,407
964,815
807,627
850,130
782,420
98,968
440,136
193,530
605,553
934,56
530,274
469,321
586,320
464,812
844,828
9,420
92,628
549,75
114,223
829,864
680,189
142,29
444,309
925,759
158,790
450,679
666,911
271,239
147,937
442,619
627,765
697,526
306,537
935,332
614,134
728,780
117,533
472,453
213,372
774,799
978,579
876,681
51,357
283,220
876,524
995,900
170,278
168,769
637,687
443,486
499,91
253,591
270,12
198,974
498,744
626,934
560,574
119,995
664,349
987,321
128,184
69,10
92,235
724,542
671,428
225,267
914,392
206,252
532,840
591,950
477,336
210,469
458,577
916,161
720,301
499,612
482,395
145,215
615,821
611,52
307,692
91,650
674,857
660,930
905,128
639,440
936,647
2,328
79,870
944,561
441,744
787,55
535,513
750,371
385,142
925,777
625,970
678,539
495,529
25,423
826,588
990,52
809,284
774,191
318,98
115,135
301,464
725,222
460,526
737,967
708,295
300,657
271,621
576,893
938,477
810,394
786,854
268,266
916,766
712,312
134,125
619,948
595,508
806,686
774,56
31,219
601,97
791,95
923,672
277,457
50,474
862,996
729,391
870,279
420,178
399,923
341,697
533,558
200,966
608,722
588,516
963,669
667,996
765,539
129,438
381,330
828,717
982,374
233,129
926,126
548,711
795,336
35,149
170,505
660,973
394,927
108,969
555,144
516,648
474,834
485,40
725,950
590,6
493,639
960,367
56,170
471,967
205,982
314,180
609,674
10,517
436,710
872,421
615,545
955,941
330,349
184,93
240,549
926,272
956,101
801,778
152,78
597,909
709,863
729,875
835,404
982,363
386,994
743,318
902,329
425,618
268,660
872,51
145,456
847,980
899,893
809,810
816,284
394,520
291,447
447,236
19,530
319,440
174,257
338,561
448,585
932,422
143,991
903,98
27,866
213,490
346,576
576,102
528,864
689,755
836,588
238,780
564,818
280,699
300,866
379,997
741,44
607,598
62,793
542,116
927,331
306,546
963,49
223,58
961,818
295,955
139,488
21,371
352,509
922,169
3,994
976,50
414,65
196,19
62,422
154,638
403,432
532,329
630,3
769,554
196,260
970,479
383,420
335,292
543,593
940,396
689,857
451,614
761,884
203,24
958,7
760,75
284,282
737,125
68,344
962,921
271,274
537,149
167,562
461,504
40,1000
205,646
277,210
249,909
97,128
353,924
157,366
260,156
683,984
510,909
342,554
593,826
363,212
438,811
852,498
817,388
887,610
867,438
633,629
75,46
104,655
852,963
715,490
914,698
540,931
556,379
253,982
295,52
308,43
433,393
792,596
735,514
291,280
556,35
74,776
563,154
509,310
473,34
70,522
572,592
89,643
345,382
798,2
475,762
279,450
862,429
592,717
635,586
546,62
308,25
204,552
918,874
449,908
745,475
534,208
501,145
273,266
604,922
119,911
943,377
379,560
751,342
900,583
893,944
504,642
836,689
694,45
914,770
802,143
182,671
51,516
395,865
712,101
671,995
834,407
434,861
30,435
488,882
873,470
564,723
814,673
214,334
54,657
509,996
90,65
664,837
518,372
853,150
647,831
815,680
956,111
303,946
776,790
729,844
891,146
95,409
134,546
3,15
411,726
610,399
373,790
655,982
279,833
72,788
143,722
581,5
651,322
183,450
996,249
852,759
477,815
499,588
757,682
604,949
609,12
840,617
540,544
516,777
577,508
468,28
403,515
339,621
704,662
338,103
229,113
433,391
984,763
272,541
545,933
241,216
933,723
970,53
737,773
47,561
282,633
671,850
971,203
100,272
803,159
472,582
136,880
487,257
220,402
266,116
133,707
299,238
994,289
737,562
338,642
561,200
403,361
681,785
587,675
811,270
813,316
541,96
529,641
160,613
576,817
299,146
381,148
249,647
133,255
516,4
434,312
762,390
771,591
687,427
957,486
348,121
991,265
456,31
43,293
261,887
1,584
123,42
164,845
642,270
243,534
148,860
18,616
16,493
990,75
463,548
660,535
747,272
563,755
358,12
466,754
312,162
45,658
550,510
720,318
953,768
452,225
62,150
592,106
560,645
258,665
612,22
515,551
132,804
681,442
710,43
915,978
693,556
356,333
312,161
553,567
154,353
969,293
785,967
956,249
447,24
305,358
608,83
569,945
747,607
673,105
547,453
495,603
503,473
454,154
101,307
89,742
444,501
402,471
129,10
616,559
491,918
801,372
8,808
230,26
142,818
895,830
590,944
658,250
494,886
68,692
680,300
674,764
75,456
867,302
75,50
953,634
918,364
864,821
195,561
679,979
145,914
916,64
163,230
895,619
248,631
872,921
632,932
228,743
200,322
751,370
684,679
93,381
148,934
834,241
825,19
136,106
696,612
18,106
710,504
189,493
946,768
382,856
164,217
291,915
586,137
417,690
460,429
253,574
618,403
750,323
386,83
509,882
518,320
978,897
759,181
200,369
331,699
770,120
137,282
811,10
614,324
835,564
619,73
875,943
417,712
693,749
890,499
193,860
354,495
633,102
653,796
732,508
679,981
704,759
275,658
836,632
28,114
157,333
268,228
49,945
79,832
845,84
418,669
693,897
138,109
341,837
430,580
996,411
776,829
358,883
947,183
927,500
838,58
426,228
600,509
269,224
230,939
172,40
986,676
741,86
917,445
913,415
418,693
250,671
346,684
649,204
848,210
329,866
315,714
801,380
931,215
315,284
157,247
261,606
105,1
641,296
952,180
130,772
779,655
182,233
622,530
646,737
934,468
101,328
304,92
694,988
40,728
594,417
741,815
619,417
830,872
959,735
614,558
213,795
689,476
337,147
424,835
173,474
482,732
931,18
509,748
190,35
660,555
139,803
8,235
789,477
586,140
412,377
908,498
678,496
621,541
734,547
593,15
58,434
564,687
130,10
148,338
348,786
174,626
776,930
482,933
641,974
253,165
165,294
324,491
777,101
958,673
73,362
108,44
85,96
977,777
484,952
963,585
730,579
642,623
82,16
628,413
531,256
269,917
157,399
186,131
490,721
774,790
781,872
694,688
572,836
622,443
91,892
458,911
966,535
110,846
159,199
821,933
399,57
571,857
729,441
772,741
973,43
141,32
128,306
689,196
77,915
150,421
122,816
457,198
883,33
326,707
316,218
161,396
327,848
809,14
529,69
50,804
882,135
346,827
613,716
829,741
612,936
950,256
671,139
386,44
978,6
849,487
136,14
73,224
663,354
300,566
991,624
141,233
817,636
566,759
102,292
497,313
852,729
175,204
158,848
553,921
494,207
288,6
806,972
340,278
468,453
867,931
867,204
489,90
444,338
11,458
189,92
740,895
363,423
537,240
104,26
3,618
510,608
392,128
585,207
242,183
355,820
840,290
703,94
873,192
108,213
168,516
507,640
323,990
34,826
95,987
289,984
44,224
47,581
303,248
265,804
99,5
872,908
102,134
824,472
329,577
510,301
528,131
754,536
658,21
944,221
638,573
220,142
467,492
771,383
363,220
69,904
420,13
676,847
852,347
567,685
334,909
414,36
27,500
989,237
325,595
484,796
768,827
482,708
70,281
612,552
124,682
698,182
20,547
66,681
414,834
391,881
972,443
595,234
987,45
467,170
585,86
472,47
972,778
130,216
376,919
172,772
958,705
266,614
202,672
706,262
411,141
440,197
14,328
789,475
269,902
629,21
466,475
898,222
944,340
876,616
775,706
605,963
855,691
865,524
898,666
262,771
843,730
248,156
730,624
699,726
348,457
779,92
724,732
342,971
138,43
401,494
234,492
630,22
223,726
587,13
730,965
381,558
165,26
39,239
88,437
492,550
930,818
195,21
303,67
613,152
326,913
529,374
952,536
267,304
842,57
630,134
689,540
972,811
250,908
921,91
465,540
149,668
5,767
494,264
388,901
846,579
372,845
863,464
354,640
108,584
610,760
42,669
606,125
825,92
697,794
500,606
619,590
223,594
683,802
116,787
337,313
915,197
265,790
489,861
923,37
822,979
146,758
122,512
149,603
4,982
234,68
156,826
233,508
853,456
391,973
733,753
25,5
809,863
135,143
879,836
755,15
176,933
986,957
961,254
853,177
493,11
714,856
865,211
197,2
31,328
46,307
446,153
431,795
298,823
556,578
357,417
757,792
940,554
847,132
360,468
499,145
734,664
95,297
611,140
939,219
511,194
426,565
972,803
379,96
408,598
979,632
676,286
995,177
829,292
930,586
71,475
761,268
949,504
181,104
781,757
207,793
648,104
246,171
439,728
130,495
735,861
295,197
4,702
237,721
222,48
320,202
964,1000
923,799
710,236
709,829
873,815
920,870
791,396
446,593
655,794
509,363
164,475
648,125
814,446
172,90
799,483
711,78
215,226
721,408
415,205
957,65
906,28
291,586
659,93
538,821
299,39
445,836
405,245
930,889
583,357
290,718
112,397
490,985
808,93
717,410
126,123
848,808
79,281
368,49
949,647
226,288
164,65
990,475
137,354
867,679
274,189
943,945
179,490
988,782
365,661
126,657
158,97
368,9
590,674
158,963
809,646
872,892
757,146
937,898
407,63
124,227
384,495
399,749
154,747
612,296
257,525
384,463
466,933
60,2
236,884
526,893
280,897
32,365
147,571
366,358
129,722
440,24
824,14
489,567
663,360
569,498
177,534
109,18
764,902
932,816
938,139
989,419
385,745
732,654
225,170
661,219
726,901
231,662
255,603
863,327
675,690
527,902
748,836
340,876
621,6
92,922
701,455
371,408
748,141
82,607
495,246
504,486
816,921
788,492
605,637
821,615
946,650
647,616
168,277
350,608
735,781
338,556
76,967
961,835
400,101
819,103
560,774
596,516
585,726
761,839
490,193
237,944
101,610
404,538
850,435
873,838
580,411
984,531
607,305
609,30
735,206
710,844
501,614
700,963
782,349
835,817
836,333
836,401
837,428
26,153
32,244
392,811
303,619
23,867
463,779
228,695
76,950
383,772
941,439
864,605
702,830
487,836
117,700
74,830
312,275
971,399
585,286
669,789
413,32
144,65
592,119
506,124
916,398
598,436
227,622
602,646
638,305
43,490
79,282
379,553
9,962
616,907
863,270
780,261
451,309
763,327
426,347
144,727
983,728
697,739
400,339
215,337
65,975
489,273
400,387
816,419
672,906
810,562
995,640
799,780
959,816
791,406
688,165
730,583
884,904
344,847
814,655
339,335
841,291
242,58
814,166
777,295
445,440
955,746
284,392
156,354
626,870
591,13
463,489
575,749
595,111
316,629
624,7
527,112
24,409
561,508
887,764
769,826
880,352
350,533
110,215
268,377
668,659
639,579
17,14
435,469
8,40
971,483
823,334
279,790
363,817
341,774
528,913
45,23
631,910
279,797
178,915
676,116
826,652
89,159
547,365
112,664
832,220
326,686
534,126
769,188
91,6
930,295
923,603
421,807
111,713
524,158
860,881
634,898
922,197
92,117
295,468
692,27
171,332
923,522
671,164
424,44
611,629
936,959
494,36
137,455
182,611
510,984
762,835
144,675
166,127
611,868
847,785
775,302
273,528
186,864
64,930
862,945
554,322
277,220
560,568
889,453
369,166
183,494
734,6
637,884
394,600
971,536
632,732
724,16
992,675
281,626
942,782
586,691
770,872
753,601
423,365
510,230
484,29
18,442
141,648
917,894
772,70
747,667
165,428
581,870
666,210
646,478
495,690
331,463
643,134
498,773
731,475
227,487
702,357
816,206
318,554
978,774
373,268
386,948
317,914
806,313
869,93
573,358
451,24
541,663
814,913
686,794
398,775
97,137
1,201
46,137
190,829
517,985
38,265
761,332
5,476
673,477
720,920
454,565
779,636
88,10
783,226
402,665
97,512
407,41
957,666
648,601
960,361
297,926
774,281
216,779
932,841
507,437
276,69
707,644
731,724
127,837
186,163
457,345
924,57
935,731
342,996
563,460
776,64
192,247
53,703
774,789
79,413
413,472
979,12
541,631
600,340
92,776
111,717
492,358
645,947
151,607
249,363
125,746
340,38
978,902
446,349
529,127
573,262
526,325
748,502
256,365
841,163
657,733
657,327
416,930
849,618
476,64
694,279
662,563
14,192
898,867
7,309
901,512
408,445
563,417
420,177
715,494
603,463
41,262
917,182
786,892
910,282
259,226
434,662
868,397
831,818
226,748
150,602
259,734
444,344
488,308
842,741
975,26
566,745
856,871
744,388
84,377
885,69
386,446
575,775
215,546
252,231
966,537
480,677
358,364
343,475
661,898
57,255
190,808
169,300
927,358
430,23
884,195
175,780
450,396
451,583
803,980
11,404
231,503
347,211
70,450
39,185
340,283
435,918
942,861
965,974
41,929
403,306
204,607
585,424
761,980
434,94
839,133
628,466
129,916
594,397
554,903
513,932
732,30
755,332
757,463
126,444
729,577
120,271
949,475
82,400
385,482
973,84
857,848
372,55
176,72
317,484
222,215
792,510
970,557
227,10
779,466
370,810
549,615
450,380
596,282
949,539
962,972
565,159
930,430
346,105
301,257
129,385
505,95
972,192
709,244
466,307
143,875
662,140
213,999
825,633
387,129
451,385
897,562
265,19
376,227
272,551
997,750
847,147
266,619
67,722
810,218
911,286
53,346
432,108
374,326
526,565
207,570
280,500
464,731
970,440
812,35
922,711
452,339
932,368
869,682
106,844
313,626
420,468
522,464
441,183
158,926
578,77
328,238
105,472
763,290
236,356
7,548
660,153
256,134
908,524
545,67
105,500
679,103
270,795
419,971
577,773
349,852
13,470
559,935
608,391
399,761
380,674
836,808
205,290
733,697
654,885
438,405
888,387
404,649
444,939
798,964
327,563
706,847
102,286
714,448
248,721
670,168
5,960
163,49
147,442
899,683
134,847
606,806
782,657
20,499
832,389
218,106
855,620
930,185
126,716
468,214
82,959
795,511
984,908
556,628
339,344
683,787
231,987
879,158
121,135
206,60
326,94
244,656
317,159
114,497
496,217
38,776
750,688
998,82
308,743
204,394
209,980
750,821
90,99
265,232
948,926
387,625
693,550
554,302
961,430
718,736
629,901
86,580
265,559
222,279
300,472
295,275
191,414
473,709
500,21
63,57
404,588
841,77
11,582
592,268
162,645
949,982
460,351
767,283
713,341
935,15
600,841
871,115
309,156
521,290
50,6
474,255
45,933
441,373
712,656
394,801
150,781
690,498
34,113
528,901
361,464
833,514
140,59
687,803
894,748
671,706
832,571
245,280
470,354
7,620
794,50
563,362
135,705
193,535
99,485
492,642
995,793
239,430
910,85
144,376
834,38
201,649
980,198
346,999
74,149
620,680
980,112
749,141
781,643
133,922
462,900
725,484
188,794
704,740
987,292
12,183
146,875
443,700
197,494
491,494
417,613
5,762
797,859
462,632
580,85
412,201
21,684
760,669
50,195
764,7
820,57
226,632
337,991
498,884
310,723
873,706
54,72
197,831
958,428
248,486
351,605
837,197
190,673
911,393
358,422
763,27
220,980
750,831
308,724
732,765
151,66
175,394
121,553
584,121
885,85
209,150
123,240
569,442
589,591
201,378
724,234
526,230
849,751
704,38
456,62
837,237
11,345
173,7
162,96
110,565
865,433
511,729
575,926
655,677
722,137
945,313
548,936
863,889
161,578
201,232
122,153
313,401
479,18
367,869
462,545
538,100
630,173
987,429
275,135
603,625
365,449
265,425
351,331
910,275
606,421
500,436
841,214
916,451
255,622
76,864
993,209
948,947
446,969
38,740
420,54
713,863
330,15
783,701
343,351
342,822
622,13
475,120
78,781
937,406
195,350
541,470
363,559
359,538
671,718
631,82
336,243
852,275
795,648
453,17
150,699
921,999
467,751
565,861
717,466
187,995
71,794
708,933
160,138
467,539
491,406
564,579
523,830
958,632
719,966
708,64
311,925
66,449
362,659
281,601
155,820
906,171
159,260
71,923
794,845
310,860
121,409
840,337
580,869
783,954
716,478
587,2
755,891
938,204
261,247
390,16
116,586
471,481
599,60
397,239
24,803
866,200
590,582
578,284
278,358
17,440
958,557
323,737
320,880
748,752
785,398
194,64
287,512
684,375
423,539
72,258
596,113
739,289
405,888
764,721
669,431
862,808
568,962
785,30
624,873
216,445
6,552
893,965
334,121
252,357
670,169
678,719
464,85
470,482
129,506
223,9
722,279
956,472
598,693
504,736
99,193
991,779
585,463
778,578
158,289
385,449
953,620
378,146
542,951
601,291
633,118
475,219
436,784
884,835
412,595
895,207
813,102
262,347
449,277
841,135
369,36
318,640
178,642
193,330
204,944
199,947
31,809
525,903
440,276
777,792
297,435
734,820
568,231
202,766
656,837
580,972
313,187
618,665
243,196
748,983
945,212
316,947
747,110
758,445
364,625
668,406
809,927
67,878
206,730
97,32
116,147
36,853
573,476
527,189
456,269
389,832
314,802
638,670
298,760
503,797
910,59
326,290
411,166
46,768
741,94
735,364
475,277
388,125
256,148
455,20
622,943
377,289
527,546
177,455
133,322
846,90
738,831
10,187
186,763
524,369
900,12
836,937
15,422
18,551
918,525
73,625
324,773
870,734
904,371
638,89
146,885
175,704
945,607
222,421
76,584
104,429
823,59
786,537
465,885
646,560
141,292
86,759
621,962
811,559
702,983
299,87
697,290
261,542
206,418
88,652
853,677
589,819
646,243
451,158
181,423
657,898
744,454
935,909
212,143
209,35
286,924
617,216
398,604
597,46
441,66
680,580
925,566
782,251
846,862
909,957
982,778
766,224
241,502
187,424
999,30
473,561
190,896
658,734
137,940
759,571
594,379
388,506
371,492
1,941
259,769
994,463
253,690
450,401
210,849
801,147
741,380
497,266
667,84
561,667
26,467
744,939
564,624
885,918
453,532
153,477
6,74
486,165
986,455
690,443
13,906
660,914
990,27
199,675
717,309
32,591
793,411
833,180
875,819
792,306
56,231
793,468
431,748
157,587
192,793
200,412
324,283
862,70
870,775
707,249
971,322
560,110
86,149
878,176
242,537
760,437
173,328
78,441
395,40
778,769
24,901
494,888
806,66
949,570
606,108
794,272
388,74
787,182
679,902
49,890
818,774
7,862
240,169
116,673
107,295
81,254
368,424
964,230
399,553
122,694
761,29
80,325
376,185
299,421
806,188
163,241
816,654
765,334
317,624
948,499
732,819
937,774
405,516
864,674
57,967
151,296
516,975
780,631
24,348
870,388
962,433
259,885
232,961
968,414
701,745
472,328
611,666
565,133
758,518
405,405
354,51
929,858
468,783
760,928
762,949
472,613
803,313
561,967
932,549
316,234
361,603
594,802
952,17
820,333
208,999
561,581
759,13
739,222
646,753
357,928
207,317
922,744
706,959
591,54
973,694
317,938
539,85
370,74
734,485
352,610
792,545
522,53
928,661
601,607
319,681
867,538
575,806
519,737
975,616
351,688
985,644
667,362
54,870
845,746
799,300
972,442
415,724
368,517
811,278
860,227
86,759
223,775
211,667
708,770
606,923
549,251
337,269
313,188
260,200
345,227
734,931
7,968
877,906
26,282
478,522
828,454
137,690
888,59
648,202
229,86
420,740
372,418
104,210
772,960
309,963
919,745
497,249
923,149
480,846
516,582
479,111
134,287
185,336
236,614
744,57
2,350
199,136
110,995
334,120
50,521
85,942
247,982
520,96
161,252
169,137
572,839
969,452
991,333
355,306
140,327
289,860
447,236
462,958
752,823
778,955
380,675
380,593
121,394
131,813
85,15
75,540
19,450
621,104
307,924
161,144
701,183
228,102
71,815
833,873
337,773
944,440
48,446
373,758
441,44
757,343
578,321
548,470
9,183
579,390
364,928
594,522
958,364
734,11
923,463
386,792
28,645
860,82
760,286
941,626
836,831
756,768
807,503
330,695
911,645
960,743
980,749
469,856
583,34
906,418
961,720
266,35
858,940
967,326
454,485
594,501
119,403
393,994
253,824
717,514
23,32
844,961
262,228
669,212
302,225
117,259
696,253
423,1000
860,309
236,837
142,327
468,531
274,880
705,299
239,604
13,35
255,44
550,702
492,414
620,442
282,17
436,497
439,564
869,429
247,519
548,844
574,575
724,655
845,300
822,117
93,111
379,428
856,758
650,190
470,839
419,166
371,161
512,455
642,747
520,442
162,108
945,824
340,504
117,865
163,410
114,544
487,672
157,583
831,344
690,315
136,687
905,983
744,535
2,736
724,588
284,810
165,470
963,9
551,396
759,443
802,113
598,466
589,422
746,718
268,952
68,183
646,16
395,48
477,612
407,353
701,862
354,788
225,88
254,421
605,175
509,268
36,245
574,45
696,261
66,621
626,1000
690,944
598,137
846,401
182,276
492,230
428,156
611,340
203,446
822,20
393,689
31,710
649,280
756,763
452,19
640,67
332,685
937,637
717,292
805,571
565,918
477,963
624,909
712,600
459,4
307,749
609,460
669,110
401,478
896,52
354,452
29,134
185,130
234,733
261,251
427,819
589,979
254,883
141,271
1,208
460,8
451,734
794,711
257,324
586,358
682,320
563,257
982,637
649,634
487,44
507,800
456,571
742,817
319,128
555,440
183,689
97,822
607,393
163,459
952,434
677,402
148,318
825,462
161,392
929,537
312,984
543,413
770,144
625,961
532,863
259,234
832,615
185,591
271,83
479,391
696,214
237,638
571,573
545,597
100,244
579,209
857,852
412,682
449,15
970,119
186,745
888,504
323,257
526,846
361,502
508,782
564,629
847,405
11,93
668,20
994,656
807,833
286,115
34,151
744,982
260,115
746,620
502,309
58,277
978,660
249,548
300,894
137,161
803,878
45,344
819,817
967,945
255,964
356,491
174,61
846,721
333,122
412,818
541,902
137,782
66,756
565,73
233,804
934,983
603,708
383,790
837,707
847,382
514,158
232,746
221,837
213,361
296,850
697,505
35,689
992,225
669,186
8,883
259,121
131,8
968,182
26,657
384,497
780,383
931,328
360,665
453,334
54,772
174,600
942,43
83,984
711,9
494,783
666,538
754,142
132,487
664,38
981,351
891,442
850,163
400,653
999,328
105,880
956,480
725,133
265,328
671,305
876,572
310,934
350,835
157,14
674,111
916,360
126,235
480,18
175,553
900,517
992,826
501,275
701,904
89,126
12,771
64,271
495,73
919,923
153,744
66,226
95,443
189,340
169,313
898,908
974,511
811,142
684,537
666,616
8,532
538,867
758,806
986,756
923,346
546,410
263,733
677,64
619,538
60,196
398,640
967,500
965,567
123,394
391,390
561,201
885,76
892,370
823,684
532,828
65,298
213,133
100,783
157,85
354,500
662,59
683,590
788,310
489,603
745,938
13,4
458,562
65,120
822,971
885,898
495,99
964,860
229,843
890,818
242,207
102,366
673,538
844,329
807,51
145,248
691,494
304,610
980,721
386,939
598,150
214,724
97,664
320,407
701,207
972,423
518,362
641,622
843,619
757,33
448,987
217,569
744,644
516,300
342,554
965,650
616,724
172,635
867,126
407,243
350,696
673,458
87,787
999,12
133,66
635,210
603,294
334,877
674,124
83,555
627,15
71,870
671,477
286,3
73,37
489,727
482,590
338,75
403,521
891,527
829,870
45,710
674,99
391,756
286,590
64,515
979,292
607,737
253,312
341,80
228,765
543,892
707,525
193,864
503,680
49,27
838,685
862,627
752,267
428,144
22,258
631,749
518,485
279,691
807,456
399,659
918,789
253,943
767,724
94,855
913,195
441,122
269,671
74,74
482,326
592,892
856,26
955,517
815,137
87,465
930,562
685,544
73,822
495,360
359,704
611,584
155,123
571,999
356,655
906,287
828,190
572,290
445,884
813,773
522,64
369,6
530,898
138,176
804,115
28,162
835,719
471,541
625,192
676,773
393,758
485,786
706,238
745,485
963,309
971,97
270,742
968,462
915,913
348,893
471,691
748,468
88,440
693,571
39,533
831,930
694,807
681,817
315,816
82,551
49,350
183,359
83,405
659,277
42,996
654,843
608,183
553,696
623,660
818,102
530,247
708,518
680,622
805,364
907,465
270,819
771,66
752,444
168,348
922,932
370,904
391,360
240,120
995,886
810,617
402,311
548,525
628,255
651,189
913,788
339,746
945,309
701,915
383,771
524,758
316,932
872,72
988,173
475,951
97,610
244,939
461,359
32,457
568,589
197,640
6,45
786,837
591,748
943,926
759,711
998,933
899,328
151,500
329,839
508,499
7,550
564,460
271,980
52,951
442,375
606,48
870,317
174,481
153,456
41,149
163,136
837,34
978,189
861,136
825,243
3,790
48,930
921,463
124,18
266,375
667,596
704,124
875,586
921,417
61,795
402,340
815,69
806,994
671,721
199,583
663,303
49,354
138,179
365,861
805,263
781,82
19,202
55,271
211,431
177,782
782,295
199,117
425,271
495,233
1000,189
541,910
893,302
285,7
678,973
83,344
805,254
516,843
477,102
923,398
492,620
120,284
638,179
213,757
334,784
261,954
539,715
378,914
172,569
411,176
687,529
75,147
887,780
81,197
469,282
376,270
930,383
600,504
369,508
28,489
101,133
312,890
678,2
981,708
500,950
590,21
706,831
735,370
272,996
267,229
795,675
811,24
467,183
361,64
539,731
899,504
306,697
604,516
364,517
588,731
725,593
277,150
864,827
879,989
716,881
810,359
304,103
571,834
39,2
362,222
466,263
924,460
614,737
847,561
838,761
530,596
567,658
283,723
718,138
59,354
654,106
584,425
444,917
826,51
378,185
631,298
391,309
31,477
181,611
700,103
649,544
586,893
779,873
745,704
12,891
71,419
641,292
183,777
884,106
459,837
550,711
308,367
594,843
726,182
80,623
905,787
469,652
61,858
585,298
777,230
508,311
692,101
262,942
920,943
311,764
19,636
859,65
815,47
962,213
2,891
68,242
811,860
197,878
531,886
979,812
878,244
839,629
747,590
738,463
68,290
125,909
88,881
767,951
355,721
1,875
813,723
314,606
200,970
627,380
225,533
981,689
146,930
423,923
348,624
738,680
263,532
709,433
863,829
316,306
550,455
234,911
679,862
93,599
290,447
87,214
127,18
275,503
841,618
870,330
67,42
666,516
843,100
680,835
990,340
440,522
697,52
924,597
830,957
160,58
866,199
96,139
569,980
633,972
732,379
698,186
306,993
408,823
814,911
820,277
610,448
16,155
544,644
428,675
38,777
502,735
999,276
372,349
815,527
307,858
320,104
673,530
431,714
216,137
417,742
894,536
73,559
637,604
475,197
963,562
841,708
634,410
945,336
546,729
442,227
236,565
355,228
904,113
839,535
92,850
783,681
741,229
568,858
672,153
170,413
517,598
672,936
465,676
264,631
41,740
465,603
220,835
155,674
102,139
291,984
521,812
580,588
5,464
595,157
152,140
535,182
882,650
95,272
945,275
906,59
14,781
222,783
173,985
546,808
387,957
634,98
574,290
666,847
821,2
641,444
939,887
111,302
696,699
59,213
839,488
442,723
908,332
789,847
588,689
51,506
279,507
167,851
410,483
145,622
823,936
533,375
575,687
263,196
6,451
137,628
743,408
856,644
647,446
254,245
71,867
330,211
765,470
328,634
924,968
77,598
904,375
168,491
331,403
152,704
126,271
724,98
343,984
760,555
766,344
750,864
615,880
519,731
662,597
42,321
830,543
128,353
841,54
598,734
782,567
840,479
552,299
166,261
51,140
163,294
681,428
202,903
999,765
818,563
752,674
512,937
164,385
248,450
350,821
886,981
192,969
737,350
820,37
998,553
63,805
689,189
96,568
146,376
266,943
375,149
429,418
185,701
520,953
414,309
247,24
529,177
877,580
543,956
388,386
252,207
773,431
628,884
247,713
499,763
751,26
810,867
229,226
854,846
837,49
699,384
505,555
498,376
830,332
116,237
653,37
126,553
423,703
227,380
104,229
179,325
433,777
504,958
78,713
991,687
232,543
703,465
171,794
180,978
335,646
953,561
619,292
347,939
89,803
428,738
871,469
180,699
765,167
329,820
505,266
874,4
892,285
430,941
574,645
746,945
932,60
209,93
318,884
92,162
348,190
329,696
292,438
461,834
336,198
485,499
561,789
150,839
312,403
922,5
861,800
64,388
364,278
597,646
706,368
963,387
234,408
834,481
744,717
762,246
833,618
597,823
478,249
873,354
77,165
973,973
185,229
444,817
404,951
889,187
143,448
941,687
167,301
624,292
379,464
172,197
902,629
843,211
291,274
681,827
808,444
344,49
524,488
380,465
436,461
597,733
146,296
897,470
36,936
261,209
824,227
651,136
158,644
300,896
453,503
87,536
727,602
502,851
745,320
287,396
355,627
984,982
873,988
134,113
414,487
114,679
743,707
729,876
68,827
683,59
367,704
895,530
989,360
603,800
912,332
445,885
278,1000
533,406
827,606
198,732
354,344
182,685
664,406
351,375
393,398
697,825
139,754
580,715
552,874
948,218
330,98
862,509
722,681
155,112
573,799
597,48
971,689
462,745
192,583
98,197
739,10
593,930
292,582
7,31
332,100
912,525
377,638
298,564
368,425
391,462
914,124
305,333
305,843
568,381
89,157
38,443
639,816
248,181
177,511
32,329
759,812
946,381
649,269
810,989
646,566
843,311
136,474
423,784
80,128
808,445
792,525
677,716
196,476
322,714
817,510
763,122
64,357
169,198
763,305
785,1
568,395
824,663
80,91
586,194
472,431
198,435
185,307
211,4
506,43
125,746
72,532
897,33
595,617
585,602
741,917
567,629
399,295
813,693
39,469
746,844
140,490
634,212
356,206
410,430
258,856
894,374
351,214
150,436
726,188
760,207
779,861
583,694
935,752
422,63
667,138
774,59
478,741
578,751
207,459
845,490
20,592
942,706
21,964
84,377
425,569
732,760
43,856
270,205
614,585
143,377
122,224
621,693
303,535
83,591
133,397
339,991
89,666
14,17
762,789
715,392
629,233
676,509
948,250
985,296
939,506
710,15
47,844
661,105
629,424
640,822
979,484
797,750
279,944
440,922
740,271
609,695
966,504
204,987
493,341
37,84
656,762
303,578
830,966
657,116
759,501
241,679
698,420
855,306
52,687
142,333
465,337
936,404
80,230
505,276
59,861
743,367
767,391
704,783
638,115
844,91
825,300
108,773
868,738
777,329
646,335
893,690
884,938
376,478
121,604
79,391
132,780
129,574
683,6
579,86
275,187
166,755
881,430
605,731
588,57
838,952
393,484
898,430
838,403
229,717
463,661
230,330
961,892
226,447
519,658
326,726
737,191
238,801
570,248
781,270
237,237
645,952
757,159
632,260
209,799
850,389
408,652
669,777
317,639
144,552
824,63
771,332
721,855
149,351
310,110
629,783
474,771
668,344
107,164
862,982
66,358
356,649
484,809
405,583
285,452
959,109
717,643
721,73
749,397
367,79
467,786
708,776
560,421
788,753
732,688
119,26
748,695
692,743
163,384
386,567
852,285
868,791
798,583
163,662
580,429
377,157
469,849
370,128
810,984
372,893
348,273
789,370
471,194
362,583
599,692
8,981
958,274
381,212
222,388
414,115
829,532
584,531
769,167
779,295
321,516
451,876
373,509
746,895
719,98
148,828
855,619
151,676
305,910
478,624
60,772
171,303
222,326
519,822
111,162
551,508
380,625
825,904
540,197
157,587
229,660
738,844
551,846
926,725
621,975
229,250
784,141
192,804
229,87
879,259
273,918
839,913
438,787
301,46
776,742
668,781
424,597
910,927
661,649
250,916
51,728
482,799
45,429
21,732
893,987
335,880
621,372
476,832
396,145
505,715
823,466
509,452
559,53
25,78
281,908
235,808
175,705
218,187
927,772
114,157
277,819
979,527
891,412
932,891
654,751
213,911
111,119
626,862
814,854
414,580
828,910
63,526
71,220
926,624
2,602
665,846
974,522
364,441
424,4
884,444
140,163
173,797
954,266
613,129
120,268
723,173
558,777
265,75
659,778
453,739
230,321
648,844
607,84
389,333
437,73
111,463
641,168
742,672
760,555
882,482
665,500
200,984
165,15
567,732
761,369
894,256
309,402
123,264
10,256
169,117
806,400
164,837
586,54
190,988
398,444
660,919
275,347
209,328
794,937
589,964
260,568
814,463
37,60
887,342
36,918
32,236
549,386
404,229
201,871
404,395
838,790
633,760
872,56
951,880
58,343
601,735
257,131
311,705
805,96
51,712
586,121
183,4
207,617
309,648
197,16
708,690
297,279
132,371
553,853
850,582
148,412
305,22
383,223
139,832
530,873
851,761
62,946
45,384
650,572
691,408
313,834
975,212
516,351
981,969
168,343
708,440
317,143
167,756
242,150
689,370
204,993
831,91
822,536
286,289
145,3
364,695
174,374
583,823
480,787
619,503
424,17
361,221
421,564
379,975
343,711
187,834
830,557
282,262
639,768
377,702
61,673
65,299
431,673
894,978
14,281
779,753
934,451
990,952
953,909
331,756
1,146
415,595
338,119
284,83
142,717
685,285
754,425
417,42
271,299
77,409
281,554
980,281
107,493
252,336
287,740
658,427
371,363
