T_i,B_i
560,390
820,736
992,445
372,433
74,412
719,773
713,624
313,523
278,774
107,500
580,19
632,383
76,84
155,478
902,144
328,80
464,636
137,224
17,631
454,512
933,767
971,258
530,617
192,629
699,964
717,940
806,612
527,127
3,495
838,220
730,850
994,470
773,795
945,342
266,584
771,168
936,188
697,384
790,248
689,821
448,391
606,473
472,720
117,602
564,690
44,625
357,610
208,718
330,384
924,224
753,912
405,182
369,153
921,155
951,883
406,944
150,168
595,629
358,434
966,463
657,713
476,988
152,977
995,532
31,999
173,200
112,861
195,564
808,155
21,481
162,860
726,560
231,289
822,219
36,789
836,929
681,472
892,228
369,94
329,225
443,919
57,594
252,127
890,649
620,236
66,320
248,525
465,941
757,304
881,358
859,752
92,759
916,803
585,370
835,497
620,670
705,319
324,680
726,531
744,788
734,230
688,254
13,441
159,930
35,164
873,67
516,542
468,661
447,22
943,688
396,477
359,943
740,250
702,638
488,184
287,510
95,358
658,596
179,691
1000,709
541,332
596,692
396,215
346,790
892,45
24,441
746,226
314,425
898,8
554,306
870,395
986,356
64,5
929,751
922,898
383,458
944,641
172,856
166,127
963,682
690,953
696,808
854,367
832,484
503,17
460,938
783,670
755,30
501,568
560,685
206,304
638,920
38,121
819,876
959,336
831,744
261,853
602,747
776,334
172,477
539,415
106,251
531,966
249,772
20,988
357,632
680,822
273,268
88,807
839,532
282,995
809,771
115,200
911,279
573,867
744,672
976,984
67,722
999,296
36,999
1,623
482,879
352,516
931,300
259,733
795,744
626,976
336,168
60,224
41,282
391,974
227,375
315,687
743,584
854,527
773,826
146,632
782,486
645,262
96,652
965,931
394,296
731,107
898,786
678,513
579,370
825,803
526,829
548,538
620,219
688,93
448,212
619,803
881,528
208,382
421,362
500,285
471,399
824,522
578,817
270,431
26,930
146,359
985,929
149,322
965,975
898,24
466,1000
50,400
230,464
349,308
354,40
273,985
654,387
624,602
843,8
815,979
889,215
310,739
999,365
293,151
527,596
29,574
445,616
440,898
578,241
434,113
581,592
540,155
874,925
794,59
26,486
770,141
291,589
581,8
564,474
901,851
315,163
26,426
467,523
12,73
848,87
675,917
778,44
56,910
134,757
986,395
729,873
649,380
248,336
432,969
954,931
112,399
387,758
207,861
56,696
376,520
764,593
33,230
759,548
245,692
109,370
955,286
816,360
402,433
307,250
176,199
285,590
827,412
937,260
455,717
635,906
190,659
231,678
828,322
782,8
717,438
981,840
628,406
48,897
918,846
412,897
36,193
288,493
642,781
161,746
675,69
707,826
424,176
834,40
71,895
582,495
953,447
7,512
155,857
52,17
549,387
817,709
752,311
191,148
674,869
756,128
584,999
433,877
252,27
913,775
989,471
545,106
798,216
493,377
208,966
779,413
483,40
407,744
1000,356
70,216
362,877
38,476
853,597
232,580
330,609
545,411
620,770
132,151
75,425
951,40
925,224
261,921
825,337
393,956
654,939
91,478
611,523
496,110
228,26
366,35
576,438
457,787
201,282
739,570
718,749
454,598
94,262
24,364
693,21
309,192
709,178
78,612
492,290
97,249
862,382
434,54
772,411
146,175
424,946
633,719
215,72
484,362
74,168
117,229
331,701
111,684
940,747
523,664
523,582
745,607
476,292
797,634
375,199
987,287
583,633
259,711
95,382
520,606
496,399
462,960
489,124
699,687
673,585
561,228
30,843
436,242
684,236
343,178
621,731
526,777
567,748
886,791
673,931
465,866
605,737
248,578
299,318
689,452
426,149
614,845
793,448
757,6
201,409
755,475
400,55
832,150
634,830
312,361
345,206
751,873
994,640
733,56
257,107
256,906
315,23
514,272
252,905
995,925
271,957
691,304
146,992
7,215
461,428
814,302
356,518
726,552
233,520
428,177
503,23
557,197
622,456
100,605
34,470
81,993
39,915
732,221
365,402
758,30
846,284
426,352
913,837
842,882
353,382
180,726
282,700
356,576
941,240
851,367
367,687
636,130
737,647
459,520
167,987
443,161
130,629
999,159
357,35
522,912
263,714
982,669
24,617
590,398
696,156
620,448
841,440
1000,266
210,654
160,476
506,95
539,394
573,382
282,837
609,750
523,241
429,230
616,238
16,410
920,650
283,138
414,222
152,365
973,218
787,812
891,284
269,843
170,150
788,763
243,15
665,856
396,373
879,706
235,846
902,884
276,136
800,747
997,269
24,433
496,519
305,552
852,436
76,205
280,609
378,424
99,270
550,195
377,270
123,537
476,648
74,14
393,224
690,5
785,753
288,249
200,592
786,200
647,388
772,894
529,377
910,865
472,146
569,691
926,422
231,198
653,901
53,544
883,769
594,984
370,348
696,584
285,671
795,944
690,553
128,905
620,329
57,77
449,946
465,845
955,899
133,439
486,581
679,436
838,293
515,108
257,373
282,133
606,648
305,923
775,269
306,933
771,941
883,341
849,705
14,40
374,272
190,881
620,713
482,573
753,625
571,244
641,871
156,604
753,604
909,922
593,555
303,724
961,625
468,610
684,954
3,687
975,443
440,479
10,606
41,451
381,803
131,935
771,23
319,40
446,146
972,78
809,826
558,167
150,950
543,295
167,607
987,537
328,295
783,42
310,87
254,813
90,650
946,986
899,438
284,284
939,697
196,762
374,720
464,188
941,20
193,190
663,597
667,86
996,997
104,881
531,448
466,800
528,664
423,526
672,883
78,615
589,556
817,49
900,26
350,250
642,201
603,993
557,58
559,942
37,204
307,565
545,420
327,655
360,753
379,647
217,621
644,605
620,146
340,446
938,998
169,760
50,154
838,175
800,613
301,178
382,371
848,215
572,96
983,887
148,581
864,644
606,469
369,697
352,548
934,447
813,674
596,919
387,100
931,831
16,518
141,854
378,795
558,197
786,141
249,521
938,257
554,340
868,199
859,971
424,205
916,367
752,612
313,247
43,979
181,815
886,1000
646,969
384,584
259,613
257,430
206,233
769,706
125,637
534,621
295,978
699,948
222,61
264,299
835,649
849,87
917,721
608,721
937,311
656,472
664,222
565,309
42,941
566,940
768,9
617,371
876,49
283,179
216,872
82,418
279,888
168,824
208,791
559,209
95,454
41,565
728,977
101,423
288,214
889,311
625,336
889,163
30,168
308,390
223,215
383,702
924,571
983,342
846,371
805,573
804,444
304,534
514,384
303,912
377,425
996,396
340,445
743,298
573,674
917,731
909,589
496,863
88,59
276,684
697,495
893,931
98,51
197,893
723,404
845,13
151,452
19,817
510,869
728,750
478,275
456,878
24,950
519,94
476,387
846,466
67,442
484,573
857,417
361,631
347,537
846,530
28,56
399,849
198,144
628,601
870,205
615,734
299,122
66,421
632,526
237,248
829,388
21,36
997,708
903,581
728,69
555,671
823,802
741,816
633,158
257,807
866,66
137,897
178,171
608,264
153,921
322,920
336,201
767,273
462,923
831,156
949,40
205,629
151,746
686,693
831,959
451,864
849,802
370,855
225,829
984,19
191,474
87,949
607,54
333,810
866,220
494,771
611,844
480,816
281,772
594,814
997,178
344,873
458,954
534,890
665,779
447,822
941,977
280,745
177,533
754,935
483,353
848,166
430,500
986,871
455,768
460,318
817,571
809,324
114,241
654,219
570,990
651,762
327,622
980,905
950,434
363,980
972,181
228,140
269,68
647,801
728,898
632,831
558,346
92,466
989,731
568,374
995,384
155,129
808,559
321,456
250,688
772,450
753,670
282,788
938,281
504,845
563,596
390,710
145,289
509,458
633,671
940,638
212,55
821,176
79,775
239,715
397,556
299,737
191,335
231,87
947,119
27,820
491,738
812,54
643,299
624,674
658,342
155,225
548,2
146,88
863,32
430,470
871,888
54,810
179,684
46,748
964,495
440,553
716,986
119,700
81,896
593,268
446,735
349,309
624,727
517,748
587,137
989,275
30,710
702,535
88,193
365,537
985,207
831,37
466,362
484,744
770,268
131,791
769,146
940,244
812,28
324,310
501,729
106,778
84,702
672,486
275,309
842,865
360,337
818,446
584,650
558,149
840,138
283,1000
8,453
757,401
812,895
165,14
360,575
377,980
710,50
635,729
699,329
77,280
600,367
209,290
937,433
946,50
99,653
283,107
649,314
415,784
222,484
87,867
90,794
834,651
981,296
604,760
985,334
109,490
38,974
968,866
815,388
383,761
384,765
629,288
846,660
88,388
194,46
615,112
17,607
155,373
591,539
268,774
869,432
184,498
939,721
886,92
3,909
991,653
510,902
285,911
706,194
820,744
484,335
508,69
565,813
727,161
185,707
16,691
195,913
358,892
713,390
44,740
245,535
887,974
275,671
946,323
506,43
665,823
799,511
845,460
232,241
134,563
868,93
216,289
896,69
222,824
158,505
191,736
608,856
930,6
238,340
999,437
356,29
317,97
667,824
529,603
411,863
780,352
27,846
314,682
685,65
691,812
605,387
199,166
985,991
857,395
478,840
970,261
258,30
966,886
596,279
853,772
469,16
888,331
241,73
298,103
659,741
173,576
73,691
512,713
226,493
153,279
421,15
117,93
494,317
123,963
636,649
558,792
654,936
587,482
644,221
150,770
558,522
602,402
553,984
731,219
667,516
293,765
33,672
374,827
736,91
832,26
335,645
197,574
597,563
342,250
829,641
184,301
624,830
258,768
856,595
38,379
754,740
329,576
76,438
773,913
821,16
119,336
874,890
563,348
429,235
745,777
969,309
256,765
935,663
143,245
244,411
227,237
750,702
870,549
922,632
582,394
307,706
734,973
874,963
344,856
61,155
612,673
909,505
128,990
420,292
612,109
785,490
146,166
921,898
428,602
902,922
970,560
392,71
364,762
811,668
893,107
698,983
173,782
980,716
448,967
177,178
910,363
355,853
358,183
131,426
451,643
578,493
578,33
95,671
541,739
387,149
276,444
863,61
546,859
244,449
339,317
908,125
666,751
940,418
545,410
424,731
725,684
810,536
393,962
689,117
802,178
312,725
62,336
149,910
485,320
52,622
987,665
765,608
171,207
874,443
358,684
296,803
723,458
289,726
72,491
610,516
870,683
904,673
290,401
660,277
134,987
269,665
536,608
592,176
206,933
742,910
869,12
104,746
260,42
367,356
411,196
389,419
329,256
136,282
96,227
727,31
462,736
109,880
911,560
268,746
282,594
488,526
665,679
972,628
245,838
466,615
316,913
226,452
465,477
992,986
212,631
125,731
944,177
697,422
433,117
93,623
925,196
531,959
112,745
970,139
831,451
710,874
455,975
883,225
954,985
764,289
305,486
827,455
217,139
435,290
879,974
926,897
940,963
157,689
927,466
715,601
785,141
942,566
321,554
106,206
652,85
818,554
679,19
53,522
150,329
458,56
489,337
953,487
475,847
533,773
311,201
639,82
25,284
688,907
950,615
697,440
690,749
705,674
422,578
45,754
944,527
896,653
282,449
785,940
97,936
136,60
89,619
373,644
225,345
317,442
988,597
256,390
704,811
935,204
31,591
290,905
949,529
326,10
649,435
90,426
456,7
268,883
31,65
369,984
389,262
758,767
724,317
349,716
679,114
311,921
288,748
709,919
249,521
222,305
754,471
609,241
306,160
871,12
944,258
945,729
86,461
106,143
36,393
62,873
20,38
995,720
511,919
387,93
504,248
529,313
592,981
384,503
141,165
998,255
43,471
521,868
716,965
6,553
834,598
426,88
783,923
449,212
426,674
349,448
385,134
48,800
43,828
99,199
853,551
160,279
984,800
276,795
388,293
261,63
906,350
276,179
125,306
414,189
29,642
694,10
656,649
286,464
267,775
360,684
336,20
525,414
776,685
42,454
414,184
668,904
177,235
220,302
983,265
376,917
504,640
602,516
727,760
45,468
570,695
983,805
477,806
522,446
899,421
592,866
186,159
318,689
23,455
527,421
759,673
605,408
81,495
525,356
480,860
755,654
989,332
663,803
474,693
291,943
732,292
148,574
452,683
130,269
387,749
192,914
94,777
44,968
405,58
481,559
217,929
7,635
423,943
367,854
276,998
304,662
913,219
264,547
922,672
778,224
346,434
383,467
954,803
408,1
529,517
509,534
713,693
300,292
285,89
188,443
420,555
658,112
307,498
152,300
546,716
683,733
965,721
254,154
123,736
185,718
754,120
907,820
81,545
856,312
333,131
956,136
216,568
580,653
662,101
888,854
659,516
29,97
973,178
62,306
427,93
531,880
405,375
222,690
930,935
698,913
429,331
156,875
851,124
584,930
865,188
56,104
587,703
962,204
656,489
510,747
133,3
680,226
550,910
999,162
221,593
282,501
230,978
154,876
249,821
764,719
36,786
305,39
85,20
393,423
346,971
305,751
167,400
768,67
381,238
252,497
260,334
264,284
541,892
914,821
990,636
166,885
518,943
141,799
796,56
162,368
193,775
502,433
199,452
838,192
565,963
806,295
885,711
676,410
666,527
466,951
572,342
528,377
110,571
887,363
480,485
177,265
657,331
494,391
317,879
666,671
436,653
507,260
588,983
949,968
708,281
590,710
403,853
28,927
603,114
4,284
595,444
399,921
624,373
292,183
752,329
306,895
836,74
492,743
588,77
500,285
580,662
466,223
500,625
248,635
744,37
436,169
796,111
814,460
435,667
615,105
726,4
629,122
280,804
919,27
492,767
459,121
903,385
114,947
650,980
916,343
876,975
989,822
687,752
330,132
440,864
314,402
761,157
873,9
856,105
307,570
71,68
702,588
58,825
285,751
808,411
420,140
604,381
617,664
971,488
641,250
255,14
958,207
167,663
844,602
291,459
94,953
897,246
202,187
980,165
822,892
184,858
415,816
782,997
395,89
17,46
785,15
95,814
20,691
715,344
63,64
469,862
261,184
131,349
636,697
929,936
931,262
722,428
231,620
752,263
387,155
501,416
123,237
471,996
994,78
875,955
624,475
134,188
14,936
579,639
485,395
108,571
512,23
301,368
766,327
730,12
714,587
671,550
478,51
912,595
784,727
132,858
127,354
433,210
137,178
410,843
651,194
563,391
780,820
801,682
666,991
220,699
745,908
396,798
60,894
450,68
835,79
211,20
776,888
100,250
939,806
348,278
781,536
693,635
577,654
389,269
686,915
521,360
79,679
892,946
167,688
814,47
322,839
854,229
953,392
485,213
729,381
532,454
793,460
76,10
675,910
906,769
34,865
224,655
440,894
368,299
722,16
526,874
47,278
856,972
739,967
774,812
836,794
949,862
977,837
822,367
770,214
496,351
858,664
823,366
903,632
158,847
175,188
285,477
834,884
342,660
69,630
727,904
655,589
992,649
998,493
783,154
378,719
889,683
69,647
245,409
103,14
621,882
736,829
277,506
500,982
410,588
475,741
170,427
86,908
783,992
357,457
142,380
535,295
509,45
361,359
209,582
95,565
313,759
418,747
307,791
963,887
626,314
719,63
400,139
652,764
921,282
525,182
43,228
283,236
79,377
505,302
102,615
760,89
487,440
31,816
721,275
43,360
465,169
800,721
66,203
810,475
922,989
759,72
431,600
249,218
695,432
949,953
929,475
912,297
815,319
961,105
47,302
689,794
773,998
757,667
407,332
423,945
607,298
818,618
812,193
574,369
115,328
258,972
865,62
998,799
365,384
587,51
142,994
976,340
314,912
204,738
856,136
39,361
336,713
637,794
51,890
540,775
107,392
742,535
681,234
252,773
770,561
542,642
159,635
646,744
550,240
314,356
149,243
977,581
285,944
345,368
164,334
661,728
291,267
583,308
776,897
159,705
302,480
493,679
118,65
176,349
838,213
930,831
923,25
903,184
414,59
183,933
403,107
822,776
663,305
771,502
833,75
44,535
446,163
329,336
428,707
344,403
836,796
11,948
855,265
388,255
992,413
621,482
906,997
307,496
911,339
577,39
179,688
252,56
362,33
761,983
369,292
43,564
372,663
449,965
775,464
525,697
516,131
199,805
813,975
5,716
330,102
562,546
498,894
68,2
785,854
65,346
343,933
396,871
264,833
491,921
38,724
601,568
791,942
752,769
507,209
316,933
41,803
959,526
247,405
164,181
213,774
321,129
418,499
370,838
434,865
744,463
273,408
878,770
387,701
560,785
586,832
555,921
728,101
658,983
39,939
682,902
360,287
433,87
191,178
595,755
17,649
88,912
676,800
34,26
774,316
291,277
266,601
542,763
275,629
125,666
143,372
108,497
772,920
410,568
62,464
231,897
604,880
953,699
631,90
379,969
742,998
497,353
962,366
704,611
707,953
619,728
973,853
875,875
390,986
150,299
86,511
368,663
18,914
791,237
737,125
582,19
505,161
82,887
819,386
807,926
335,478
206,174
139,948
570,461
356,817
418,89
280,579
667,259
353,326
189,579
7,273
30,64
710,681
563,222
229,647
905,716
310,231
90,578
375,337
629,82
20,192
270,566
583,210
72,201
299,117
404,101
986,921
585,439
365,161
762,176
20,399
825,9
519,322
149,407
368,707
516,245
354,951
463,347
149,224
886,879
456,830
472,180
684,25
415,985
298,760
871,697
236,728
109,856
644,509
680,340
608,774
576,989
222,328
689,646
882,943
748,427
462,90
233,298
770,347
132,499
26,280
736,529
279,181
834,924
154,427
733,593
639,404
633,399
29,344
625,725
497,892
372,743
435,869
313,734
162,317
252,814
813,511
287,820
111,594
242,830
490,532
95,976
843,311
613,448
863,57
374,562
327,149
900,347
554,319
953,218
381,219
802,559
552,739
951,840
428,260
837,664
36,292
289,710
690,424
782,438
482,682
784,791
842,618
826,828
191,82
247,392
783,390
866,831
730,671
748,788
501,413
1000,883
676,438
663,732
367,738
700,601
743,735
906,121
450,847
179,762
891,962
349,849
85,902
353,960
990,748
902,633
753,167
539,993
879,420
304,492
109,387
699,955
219,708
356,801
484,594
812,807
985,446
618,618
832,451
398,501
633,465
217,366
169,768
398,502
653,910
158,559
354,807
255,917
830,45
478,949
123,926
421,52
32,582
49,299
279,871
949,366
523,721
407,442
946,27
362,223
182,620
592,959
959,153
675,229
389,999
50,344
665,618
288,285
953,233
290,257
642,254
438,257
508,622
343,291
909,621
360,344
275,300
203,512
698,351
425,127
429,792
791,757
241,927
655,42
225,153
526,399
341,688
120,485
126,240
537,293
732,605
510,208
873,413
106,728
78,500
93,872
894,443
853,339
638,371
149,272
556,723
531,75
549,841
437,693
814,236
159,172
813,497
739,203
582,410
994,992
211,890
415,688
508,384
630,777
144,967
556,34
984,741
294,739
926,49
555,658
46,446
917,671
997,504
910,915
76,996
829,215
259,567
749,749
872,556
978,70
44,25
942,796
638,403
57,793
411,903
117,884
382,676
952,765
450,965
249,3
143,24
749,629
91,348
460,260
113,950
441,152
791,383
686,852
769,545
526,533
10,465
609,413
445,491
614,435
377,631
152,221
790,272
913,154
556,14
14,357
485,823
861,860
170,8
770,425
952,34
231,492
721,366
970,558
599,39
577,373
972,101
22,987
739,728
495,231
833,222
956,37
713,440
620,807
533,426
957,474
602,578
237,589
518,943
853,990
835,200
801,451
167,91
293,590
898,361
969,21
688,371
105,707
666,345
108,17
884,565
150,950
213,886
232,56
241,743
730,543
254,482
151,970
241,631
581,475
706,528
523,785
46,133
807,227
373,433
426,270
382,683
61,711
243,305
182,814
77,427
25,880
233,252
143,96
778,134
472,976
209,540
422,625
351,101
346,925
631,882
900,963
123,364
691,184
591,634
877,169
937,130
626,119
349,57
837,131
976,146
962,563
515,68
757,363
188,571
609,753
927,896
349,300
33,218
800,173
719,552
945,747
855,299
120,220
120,34
986,20
788,967
430,740
373,40
165,821
743,197
853,792
116,787
109,554
125,850
918,262
269,698
780,439
349,941
280,572
621,164
89,851
465,293
911,265
911,800
294,808
160,334
712,335
845,731
600,636
478,211
793,732
61,905
114,988
906,760
259,730
2,514
800,772
249,92
316,916
970,347
620,476
249,572
722,394
775,331
773,223
268,620
149,797
447,428
285,120
458,598
129,400
277,222
58,225
251,882
244,756
157,247
868,357
241,300
567,354
916,476
934,512
223,47
723,754
239,500
547,453
309,230
866,544
259,117
819,471
585,766
844,636
991,88
764,131
246,214
513,7
26,628
22,635
575,542
236,217
490,605
523,6
593,812
640,821
134,871
793,244
814,353
211,637
785,943
338,542
701,250
498,886
573,777
252,709
67,152
467,590
466,485
746,767
384,829
118,502
739,876
985,519
275,443
409,69
279,184
55,929
784,112
582,644
580,518
890,352
617,881
910,830
534,155
271,483
653,897
802,615
475,870
923,792
241,611
556,91
234,498
280,827
136,562
909,926
290,507
728,87
464,406
671,775
965,62
729,964
604,268
67,883
289,140
133,799
575,363
180,363
394,569
703,921
917,984
299,190
547,416
423,233
575,965
899,822
544,626
536,965
359,667
422,342
249,202
910,712
251,990
898,584
754,83
259,210
124,524
112,727
161,980
1000,864
866,371
416,179
573,713
546,487
170,180
548,342
834,642
354,761
29,571
976,102
888,197
553,926
897,774
515,934
584,731
982,212
342,758
145,865
281,998
396,214
904,7
366,732
475,577
412,608
680,158
838,495
81,154
595,890
459,820
519,104
409,808
784,761
654,804
439,893
438,846
689,65
809,298
507,919
342,231
822,783
314,134
272,343
56,578
438,96
422,87
56,239
270,108
750,501
403,968
164,490
914,106
418,701
642,129
47,763
795,54
173,356
192,469
190,656
844,934
771,898
915,198
782,823
469,551
719,702
9,710
751,282
541,535
399,576
890,930
741,462
574,671
276,88
732,139
667,764
7,119
256,907
952,657
443,724
562,381
305,184
603,801
634,592
580,870
280,359
1000,754
190,568
290,197
116,168
741,323
636,57
597,469
774,778
752,325
720,837
278,229
673,375
427,308
347,108
707,393
783,930
874,991
604,696
305,621
935,705
527,745
760,177
333,597
246,426
516,917
699,231
82,63
63,517
390,242
426,413
491,917
977,921
236,427
678,657
837,505
445,346
962,434
879,590
639,379
828,764
907,793
62,954
344,284
55,711
628,510
817,493
521,90
273,360
354,522
893,751
961,357
71,689
326,423
182,261
601,199
807,802
861,730
903,621
525,582
689,390
694,73
666,710
642,785
154,633
877,935
797,853
317,121
867,491
18,139
926,515
404,766
369,464
120,853
235,396
517,850
927,592
525,686
195,130
160,865
392,474
231,170
171,804
64,367
843,289
836,325
522,598
704,37
569,205
157,870
630,335
475,334
687,77
136,792
97,787
946,33
243,939
375,237
792,827
856,559
423,268
880,445
348,451
368,654
554,665
526,124
606,328
976,449
744,216
851,910
416,783
711,574
777,615
214,755
414,921
533,939
500,975
821,551
149,418
75,660
616,115
94,299
699,107
427,946
884,607
8,424
53,157
305,222
738,34
177,712
528,576
378,365
977,927
411,880
779,9
942,433
178,186
369,100
661,461
902,740
602,507
934,994
561,922
396,751
648,304
814,700
502,482
112,923
64,929
608,792
913,123
919,713
277,916
118,21
21,359
65,186
826,50
141,398
504,615
97,256
241,836
282,509
835,112
885,352
2,561
590,929
122,770
971,472
798,502
39,966
186,939
434,136
911,650
365,245
2,586
539,232
601,292
50,858
52,37
647,201
766,168
694,41
399,999
59,647
161,651
809,725
202,567
160,50
951,396
489,216
141,701
236,515
781,121
342,320
350,760
310,461
342,587
887,326
21,572
462,62
602,2
581,998
309,698
262,870
657,806
968,610
494,209
46,144
224,906
369,403
28,771
312,656
563,815
613,933
921,33
343,646
951,460
834,818
976,522
650,886
111,348
860,329
473,527
529,503
339,908
460,405
676,888
289,358
321,920
243,333
993,469
235,29
887,94
487,777
999,477
477,349
314,761
672,161
228,81
997,286
168,494
894,926
562,963
405,802
398,939
132,23
540,360
478,903
653,315
281,366
675,783
82,543
489,953
273,155
866,421
392,708
942,848
983,669
419,302
565,556
129,598
145,805
706,927
847,594
760,595
368,907
326,359
505,972
793,722
135,879
408,682
909,479
417,513
326,525
405,724
278,56
306,999
85,380
95,966
508,852
436,382
813,223
306,428
562,193
654,27
999,318
322,109
465,806
565,93
673,833
87,756
388,841
406,283
915,708
821,504
714,659
290,387
894,60
416,452
537,229
791,905
20,495
561,935
600,387
27,958
619,495
149,161
677,953
622,819
698,480
907,614
818,639
140,830
103,842
214,356
549,902
621,887
512,367
156,139
406,771
621,490
669,455
409,399
385,122
774,84
518,940
695,7
694,541
330,890
563,787
584,163
189,949
886,86
523,853
662,840
200,972
331,747
9,993
956,700
353,898
459,393
459,436
662,210
713,87
78,975
621,565
716,967
199,344
329,596
353,926
387,976
281,159
698,756
650,631
396,887
352,881
306,619
75,849
447,167
318,822
117,442
686,837
135,700
62,631
526,125
896,742
317,146
2,233
587,222
206,510
852,621
11,927
414,620
290,387
325,777
693,154
528,642
171,788
28,546
504,248
963,415
757,645
785,59
390,294
238,720
619,640
1000,642
819,180
68,866
893,620
14,223
907,423
819,114
319,478
725,814
373,678
602,442
772,79
637,330
437,973
223,548
609,794
792,323
80,939
128,805
97,364
436,785
31,796
302,169
621,994
973,968
848,296
501,563
749,875
799,262
56,101
169,385
189,397
974,195
429,710
26,996
287,74
539,568
756,754
912,253
104,543
696,540
449,773
949,930
671,454
443,141
630,421
995,738
676,169
950,532
829,282
948,623
203,259
317,140
530,800
995,696
31,755
193,554
307,456
343,384
730,444
424,792
321,236
956,667
898,984
913,998
782,337
844,782
586,156
278,269
675,724
325,970
299,767
258,601
235,39
626,839
757,865
496,40
335,453
692,723
282,638
22,124
973,141
970,961
74,348
196,738
516,201
161,866
173,37
503,939
135,446
649,527
35,649
607,207
874,213
348,435
689,989
867,98
369,261
642,979
468,584
189,418
495,560
328,67
690,492
511,582
262,404
642,92
709,689
99,565
919,476
485,148
968,40
813,324
141,537
889,382
334,874
823,467
66,861
900,683
322,938
471,555
200,31
953,285
941,734
798,128
996,512
74,547
800,231
728,270
814,474
706,948
752,3
538,843
139,282
216,294
163,31
582,791
124,306
939,94
556,717
164,91
797,216
335,420
595,101
580,440
909,886
427,843
852,863
626,397
680,454
77,178
357,196
493,88
187,249
497,507
880,450
720,613
748,746
27,66
23,419
413,120
785,53
326,404
471,341
323,572
890,28
220,595
966,970
128,237
389,452
173,385
843,95
236,264
478,80
207,188
491,94
45,644
783,512
688,312
976,894
215,272
112,748
156,664
128,241
667,816
887,302
56,874
544,973
778,430
579,297
727,978
627,219
527,653
368,517
297,233
992,737
706,244
240,211
432,950
308,506
875,432
911,969
431,383
886,44
42,276
928,127
750,106
1000,730
248,716
244,38
291,809
265,334
818,975
846,545
250,863
309,368
310,731
155,860
199,163
910,936
946,603
149,779
497,792
457,437
366,52
947,126
474,640
541,744
712,353
922,580
537,635
237,704
401,109
311,11
145,976
30,709
189,236
370,383
875,617
593,866
487,820
270,850
599,535
651,576
34,677
565,701
253,34
545,30
840,713
933,332
727,227
428,98
794,926
987,819
490,745
527,540
712,505
923,592
292,534
236,814
345,817
577,915
493,346
54,717
222,892
133,782
220,223
540,909
653,224
792,503
147,675
157,735
825,886
653,873
725,302
130,751
459,932
366,853
251,744
960,34
593,231
757,982
209,870
804,210
641,164
188,722
947,762
173,717
651,272
552,965
144,138
884,16
359,11
501,874
498,231
846,328
606,414
258,36
783,128
215,194
253,95
558,334
641,800
606,932
570,457
559,118
832,475
902,496
191,88
937,298
424,876
620,606
853,255
350,961
323,553
973,447
639,123
3,409
134,511
309,180
529,999
346,160
194,249
227,908
536,633
571,935
816,655
518,153
115,880
230,740
412,852
229,752
784,825
463,533
617,437
926,746
963,314
715,428
152,153
383,738
841,572
809,389
612,520
462,725
752,799
58,572
376,180
457,89
498,595
384,85
215,284
128,14
192,306
380,836
636,50
645,699
879,837
11,126
590,364
834,794
443,889
348,94
872,934
850,685
131,58
823,193
453,359
28,986
992,83
459,137
498,570
197,740
592,227
604,826
53,744
419,883
215,887
149,466
515,411
639,888
266,359
187,534
869,925
390,155
738,680
58,849
284,892
591,637
763,386
536,360
155,854
51,886
651,214
904,347
33,877
438,644
418,932
698,382
881,428
243,404
490,782
900,939
809,662
544,532
631,228
149,229
600,49
865,903
919,947
351,798
206,614
121,770
989,706
577,554
743,924
562,295
967,129
912,758
129,875
137,714
657,905
687,574
974,975
861,967
902,139
182,130
383,89
747,821
406,145
169,721
682,523
874,459
578,845
499,801
422,696
340,878
675,793
303,358
643,590
124,924
1000,518
719,16
826,730
444,930
409,839
986,108
391,795
200,78
604,150
524,634
614,696
840,554
69,814
276,579
880,75
212,841
525,147
443,118
321,641
88,306
71,387
287,716
354,322
707,332
89,727
33,928
514,847
613,28
859,37
370,561
387,264
885,344
932,111
419,697
691,119
59,271
613,890
865,56
860,72
231,698
507,781
874,189
71,860
935,651
618,967
293,120
658,453
198,259
747,464
78,364
79,707
848,847
674,95
722,632
44,261
13,62
77,859
23,323
985,61
63,659
948,9
974,633
71,464
501,706
917,421
521,404
180,476
452,721
652,721
592,814
787,184
254,710
653,120
671,316
483,912
940,956
716,626
378,996
120,294
784,180
294,433
771,47
972,527
603,240
745,238
195,792
248,243
819,747
83,483
920,291
556,319
646,397
526,137
805,771
802,300
83,634
465,715
316,415
840,489
150,13
639,180
386,56
398,647
718,708
383,596
19,831
290,878
545,384
647,833
926,680
205,943
851,254
408,895
576,250
206,200
325,438
606,572
488,244
156,107
205,293
989,631
281,790
846,784
818,871
630,578
535,20
473,410
988,523
824,172
293,374
511,772
285,791
482,828
118,717
972,32
210,978
852,62
915,710
507,853
206,770
856,722
201,510
794,864
809,742
183,240
315,153
34,726
198,268
941,398
660,999
155,738
57,899
346,795
922,843
354,232
626,974
522,683
951,33
787,12
778,647
367,373
151,855
154,798
305,970
480,959
40,906
749,350
100,386
529,341
39,623
232,281
228,78
965,878
839,362
361,191
103,209
240,895
321,423
217,277
341,738
249,50
44,830
746,803
100,259
301,888
127,202
552,11
458,855
798,633
493,418
695,657
246,879
2,545
430,103
533,200
603,274
498,748
777,387
682,566
407,846
283,975
182,22
192,824
352,705
953,943
922,253
896,278
590,749
87,353
793,922
428,823
270,26
847,78
380,390
762,450
625,378
524,493
653,651
72,472
16,296
378,927
377,310
28,599
830,325
787,442
364,803
95,696
245,750
714,155
230,292
25,953
285,19
295,300
359,29
827,803
509,655
603,636
345,380
337,672
317,439
994,827
162,507
585,24
789,898
770,668
227,878
639,137
711,376
812,29
639,189
582,109
344,258
115,45
919,966
775,925
834,51
195,826
228,580
620,128
974,479
740,4
979,139
795,864
383,823
487,664
914,221
29,164
335,867
448,597
240,1
945,473
209,932
362,180
723,957
803,635
902,858
696,601
820,469
488,976
991,383
399,719
697,395
236,836
763,37
679,636
219,633
501,533
864,636
556,328
72,979
575,654
937,279
545,433
211,48
658,752
251,145
773,390
452,268
439,13
711,211
43,608
408,50
342,527
368,887
134,211
366,843
172,782
533,185
642,452
378,618
448,733
449,998
656,395
327,795
78,469
417,36
341,387
698,45
141,868
20,957
191,692
763,213
945,246
253,604
839,745
911,342
535,946
225,343
663,804
767,820
577,841
937,918
426,855
590,664
532,540
284,881
405,579
163,82
714,400
514,996
282,878
116,101
305,22
17,452
485,447
171,732
415,324
844,833
108,631
839,16
432,786
985,741
809,160
850,565
808,715
968,654
117,719
119,305
1,167
757,63
330,460
176,379
962,765
843,913
207,215
804,100
31,367
212,526
321,51
927,481
607,436
418,862
491,801
175,574
870,663
546,175
996,735
969,26
874,267
742,540
51,949
440,150
608,36
20,677
939,808
740,243
524,525
112,934
226,85
969,509
836,489
587,597
528,628
914,983
10,625
433,41
174,970
382,314
178,444
147,265
829,879
395,459
915,591
210,663
115,447
811,539
308,779
320,280
652,858
40,939
752,595
107,794
578,990
442,701
155,790
630,111
251,558
609,995
824,717
546,619
609,255
815,341
272,559
297,49
726,18
266,139
878,514
848,608
374,387
67,7
275,986
296,586
369,930
835,33
696,653
878,844
379,465
655,94
358,346
373,733
263,164
150,409
750,213
798,502
939,990
331,718
695,32
199,449
247,130
821,179
43,713
942,158
797,234
722,902
328,328
98,278
350,790
925,53
58,881
41,231
102,670
252,448
154,606
37,994
162,450
397,794
352,74
124,474
632,278
64,506
620,109
190,974
622,476
741,262
221,420
513,165
253,421
847,398
394,491
838,206
59,599
843,307
135,999
651,627
577,26
558,256
316,3
882,477
518,882
772,349
104,287
420,283
844,93
194,343
361,769
224,349
330,535
856,981
567,158
87,216
316,68
126,204
276,3
494,776
270,700
519,363
306,539
907,931
542,735
770,659
732,945
81,46
758,75
361,395
580,688
211,762
416,966
41,777
94,972
796,669
473,364
573,826
865,674
180,544
977,721
433,144
541,605
165,516
27,215
732,521
732,658
369,568
238,811
179,808
312,359
78,200
304,960
91,906
254,74
442,320
869,125
276,108
362,556
554,662
616,369
603,138
558,916
116,457
949,919
45,746
919,920
260,811
749,901
257,490
685,496
701,197
694,310
93,125
18,881
785,635
17,394
915,917
783,671
570,151
654,863
536,274
990,680
539,589
550,134
435,139
573,912
975,795
444,154
662,798
409,701
980,642
295,850
778,632
8,689
170,738
447,252
836,670
347,538
639,647
984,297
59,454
424,800
222,204
156,608
793,962
427,498
550,645
974,534
159,756
186,831
748,518
863,791
172,810
680,422
964,189
127,712
936,922
611,706
676,764
797,703
771,799
430,41
447,585
292,688
970,681
428,827
230,763
469,596
558,115
873,563
428,132
594,519
742,946
51,646
357,863
556,677
321,9
11,317
401,376
381,977
493,201
40,800
743,57
332,651
526,912
38,290
984,650
723,641
811,624
495,97
705,463
475,992
99,349
51,903
827,525
984,449
19,88
907,989
541,493
897,260
785,6
372,25
76,153
966,714
196,46
582,239
441,20
803,853
259,895
630,506
357,445
147,219
885,947
614,682
680,490
826,418
815,534
734,141
56,323
216,659
918,95
578,526
139,370
742,555
60,213
751,277
178,520
501,450
945,479
728,122
242,63
729,273
245,874
496,678
359,369
754,930
195,356
582,168
250,896
165,671
729,35
143,554
807,16
553,750
817,22
409,67
85,120
953,148
370,813
561,136
107,203
137,487
783,519
966,480
80,933
6,320
129,452
207,726
9,113
433,431
857,51
923,676
989,293
178,72
241,340
517,984
127,547
397,960
520,527
417,230
167,412
911,2
179,199
897,920
915,415
645,21
41,687
213,888
218,477
302,312
373,322
250,855
163,763
944,166
777,619
992,25
580,516
734,866
732,617
729,403
507,470
789,490
52,328
534,814
18,606
835,364
918,170
100,63
736,706
54,979
394,707
663,685
295,261
564,38
147,88
562,271
644,322
425,169
403,564
57,25
291,760
288,898
163,834
60,711
109,140
714,429
289,48
662,891
96,871
676,340
288,701
254,965
809,428
557,678
787,788
748,980
912,726
99,300
129,78
270,807
924,149
105,180
107,172
173,892
516,283
894,343
199,220
461,844
303,913
355,709
995,762
925,334
227,999
424,710
755,410
75,925
417,146
823,538
446,858
42,794
295,972
343,728
805,760
409,504
435,740
880,26
71,592
758,529
937,248
718,125
840,87
242,894
756,429
859,136
220,714
131,162
993,135
127,948
804,663
60,772
795,39
26,244
496,481
252,104
638,288
504,121
588,788
644,121
922,298
428,107
478,979
222,53
251,266
311,169
277,921
320,939
967,235
625,870
658,897
137,79
500,325
818,370
573,158
50,382
227,113
420,107
558,940
467,796
577,162
408,354
953,470
462,603
337,36
424,760
739,474
186,564
348,851
643,460
36,914
295,967
207,21
918,224
788,160
967,124
45,993
818,446
406,960
883,267
711,832
253,620
111,802
207,1
468,512
66,453
3,265
795,211
393,506
6,932
112,531
489,259
943,400
53,359
76,623
829,23
852,862
513,189
127,802
868,301
859,192
749,524
845,748
28,334
176,727
71,331
306,732
692,51
867,539
987,338
983,580
445,991
940,552
643,999
802,560
425,726
2,940
346,830
91,715
1,74
371,940
481,251
461,207
782,853
807,281
681,259
137,53
361,467
324,120
826,152
191,784
884,202
495,575
760,830
893,455
442,957
548,547
293,794
571,360
859,570
349,229
549,660
764,256
610,515
403,193
776,976
875,598
625,956
2,794
286,999
383,745
217,261
375,429
914,820
484,693
263,982
807,116
756,953
29,254
974,938
388,304
944,474
919,768
64,114
463,319
77,490
259,761
485,567
624,225
156,510
819,798
508,278
735,825
308,748
6,612
79,273
8,931
153,990
917,174
157,596
10,465
785,496
743,235
253,580
694,37
192,26
920,410
17,607
391,827
269,708
562,751
269,221
292,302
132,51
670,517
302,800
474,18
433,204
705,347
541,408
244,498
753,879
552,435
316,974
549,628
231,466
839,39
861,841
557,603
3,657
578,988
110,901
987,443
941,407
695,299
339,364
630,695
981,962
232,110
865,76
834,669
798,928
277,137
549,8
618,596
507,579
260,969
162,730
481,633
830,140
613,507
949,269
860,581
975,150
261,185
842,971
900,423
621,321
540,877
510,344
613,887
768,94
401,866
287,978
805,533
444,347
753,381
748,861
695,496
804,92
106,153
581,410
29,504
333,52
519,205
695,67
450,536
681,118
97,243
370,6
676,974
954,71
450,40
783,42
811,421
71,728
395,297
415,936
571,324
825,460
616,668
627,980
567,873
68,621
21,565
334,211
238,15
625,727
647,632
555,318
153,658
451,974
122,500
180,522
533,341
301,8
801,458
143,600
355,527
490,329
60,615
496,98
601,952
524,217
87,379
320,940
929,577
605,800
142,150
519,523
511,766
132,343
634,214
43,588
59,383
834,207
323,95
863,613
325,751
548,706
170,515
660,726
622,427
757,668
205,954
783,330
134,429
193,414
8,212
463,458
479,575
705,106
616,603
749,68
551,75
937,863
266,793
644,198
123,618
747,330
144,765
669,697
11,447
495,961
155,540
941,718
308,167
23,287
343,84
4,713
336,597
897,576
560,70
557,213
136,642
878,566
940,821
680,866
256,404
162,880
794,592
83,484
253,442
982,588
780,229
524,559
408,583
948,482
759,964
217,683
461,970
528,598
42,872
981,616
516,628
210,429
140,392
366,22
176,665
350,960
340,179
337,762
658,53
585,618
268,308
745,154
82,806
874,226
135,565
104,588
487,938
353,103
325,68
309,371
891,205
130,596
751,582
804,289
942,390
398,205
320,700
820,769
555,108
816,546
523,994
980,146
735,16
572,657
16,754
951,746
97,525
291,954
825,792
646,811
669,661
85,424
377,455
308,733
911,284
323,368
582,808
125,73
797,117
922,937
947,88
168,884
428,12
15,28
916,684
849,807
54,606
120,938
882,52
820,924
31,440
51,724
419,337
65,359
248,624
399,748
677,576
735,165
565,774
80,329
890,197
126,623
84,234
308,35
249,869
890,840
225,112
74,841
627,560
182,201
104,723
255,393
751,754
877,27
227,816
904,41
640,996
394,451
353,430
163,65
526,710
925,572
108,458
656,68
74,178
65,921
787,628
14,763
758,107
164,224
592,335
932,845
825,862
940,589
783,245
378,390
429,967
600,806
859,161
250,848
926,768
608,295
563,744
813,397
717,697
954,288
75,535
832,434
309,758
848,483
241,580
346,188
460,420
558,585
871,406
172,390
116,286
417,524
131,999
203,885
157,122
402,683
365,590
625,245
342,905
617,383
234,468
408,552
244,202
715,686
68,249
266,740
52,295
344,305
794,259
799,85
456,181
219,888
203,953
120,654
698,46
1000,74
579,426
632,424
714,692
136,776
337,657
455,82
49,585
876,275
46,626
261,388
241,808
930,510
182,52
506,731
913,853
283,421
414,501
24,586
163,835
34,160
292,553
837,604
106,785
923,77
268,208
223,546
195,771
149,635
141,34
481,742
949,516
331,418
108,545
72,792
134,749
507,872
528,194
65,182
990,47
680,220
81,142
606,450
856,191
487,215
792,245
986,443
96,517
676,298
653,469
318,118
627,525
435,928
498,400
148,319
373,899
521,733
33,662
211,175
123,418
149,785
511,663
176,13
125,29
256,278
710,275
664,513
34,599
717,607
326,766
285,172
696,283
844,318
545,936
748,672
703,640
460,315
809,476
959,934
745,421
411,701
686,460
836,715
316,644
279,929
425,379
466,24
424,334
507,135
260,1
365,122
947,344
653,937
582,313
375,989
934,800
649,362
605,872
743,459
598,850
200,624
898,64
872,541
101,697
921,529
832,792
736,957
547,313
322,277
415,235
361,88
266,332
952,183
688,549
590,110
425,641
863,471
525,576
687,176
237,541
183,638
184,432
526,742
425,947
981,532
374,476
841,970
864,203
973,761
611,378
79,444
399,847
686,379
826,586
410,978
459,697
952,495
727,8
625,804
504,258
534,919
254,795
759,75
516,278
698,171
810,458
508,941
305,91
723,950
403,61
604,902
551,280
552,115
456,561
442,256
612,587
608,400
683,151
865,318
511,703
729,654
396,457
939,727
558,623
878,412
111,559
122,17
294,558
667,198
312,681
125,554
231,875
448,780
442,321
189,357
309,494
28,392
277,957
948,45
623,204
72,39
920,351
586,647
636,62
390,244
679,883
165,483
748,351
496,334
650,420
803,355
237,67
21,509
985,786
754,268
20,271
865,119
90,374
526,393
85,574
993,877
537,81
288,141
984,204
70,477
769,360
654,181
346,906
417,968
178,382
845,300
37,295
518,794
13,819
138,882
917,576
361,907
575,942
757,532
357,36
98,793
160,393
904,37
512,440
391,839
605,456
51,215
121,263
475,258
417,631
38,194
836,284
326,601
542,719
760,712
785,591
307,510
647,881
670,864
443,564
136,101
238,656
408,677
165,369
406,962
659,173
806,913
213,431
476,481
104,644
347,116
192,185
527,34
297,817
546,90
834,372
583,5
372,559
678,303
9,912
600,48
444,9
640,355
317,136
768,802
728,349
420,660
909,238
344,597
20,578
347,653
328,300
379,129
283,686
489,198
681,796
304,716
834,300
644,888
810,642
132,464
85,122
299,931
869,61
964,922
620,615
885,514
481,946
254,873
703,325
117,478
492,826
995,656
1,339
728,317
302,161
614,484
549,466
739,540
738,995
163,887
799,308
189,848
849,188
906,279
517,935
624,838
54,378
567,658
203,703
345,494
553,641
725,703
241,813
442,795
707,628
568,670
599,499
218,965
588,981
928,984
191,347
775,484
421,864
710,26
412,532
784,389
654,512
324,806
697,489
262,817
66,667
749,21
112,38
797,490
72,156
855,806
75,864
515,749
994,673
812,156
168,448
174,393
766,555
171,907
415,493
403,887
947,599
191,84
540,163
187,515
867,514
182,429
763,809
871,154
247,721
752,38
480,812
821,675
362,391
627,956
42,4
488,932
953,100
869,916
191,463
3,118
282,921
747,470
830,61
918,486
889,90
388,561
128,863
764,453
562,457
410,650
42,633
166,540
580,93
259,978
626,731
219,763
928,43
111,431
234,63
537,690
835,418
508,671
296,999
551,944
39,788
573,120
374,671
471,979
155,759
686,225
934,782
191,734
648,631
776,623
15,613
687,181
804,293
707,945
925,357
233,79
819,135
213,149
491,927
306,963
690,247
76,623
71,756
940,343
958,501
179,829
892,80
188,834
307,97
556,255
253,924
958,853
458,649
820,817
14,512
779,520
204,422
787,885
250,131
907,334
468,201
837,508
134,557
544,67
791,477
87,78
339,875
453,90
415,154
210,370
86,364
309,465
43,303
763,986
181,284
494,291
426,886
454,833
289,960
235,940
60,517
309,540
699,879
741,668
401,455
677,247
509,925
227,94
30,565
521,500
541,188
871,892
945,330
924,713
657,967
101,635
473,451
748,706
872,618
47,771
396,405
121,132
832,58
975,19
40,337
201,507
662,950
832,546
759,655
960,100
875,834
188,298
684,17
672,660
568,134
730,520
193,611
184,102
532,493
601,672
699,736
895,637
41,98
506,55
40,777
93,118
185,620
56,655
553,816
800,174
983,993
492,605
253,662
791,999
272,34
275,280
35,96
148,775
454,343
627,285
654,891
394,851
778,862
455,437
371,146
73,870
901,517
819,65
368,59
134,376
507,939
463,2
966,460
569,207
105,980
838,337
770,17
680,152
645,710
10,881
899,221
599,629
60,360
187,114
236,70
165,973
651,621
774,434
29,449
533,344
153,352
595,946
734,591
458,180
529,721
886,453
270,827
876,663
450,801
228,457
876,283
147,759
443,507
188,985
815,368
513,187
5,801
34,394
489,256
285,560
207,779
230,928
366,977
16,509
477,466
613,660
798,290
417,401
430,626
854,811
516,397
672,941
246,625
947,812
872,923
156,399
543,483
183,326
782,407
904,532
34,297
590,492
11,920
782,16
236,764
719,973
918,497
799,793
827,268
150,230
989,871
560,857
954,205
49,796
845,374
620,138
900,680
25,478
79,886
101,173
380,373
220,839
734,213
939,26
156,462
213,607
799,451
44,218
67,776
968,227
689,67
571,183
145,756
106,244
186,420
683,906
889,595
416,123
654,417
592,392
280,196
783,390
637,168
549,590
600,367
527,301
370,909
844,523
78,59
500,984
348,497
787,302
918,461
621,11
183,631
481,696
293,940
911,891
154,226
852,851
583,726
963,158
232,812
862,779
64,200
539,466
117,112
509,178
641,565
206,756
248,323
131,390
504,119
854,245
923,481
329,346
334,473
355,499
594,645
182,242
170,147
804,368
917,950
816,331
725,888
585,489
532,253
299,640
40,711
829,108
441,110
294,301
671,33
223,744
333,234
527,720
611,468
978,144
269,881
803,599
299,752
3,724
698,850
703,195
229,366
802,981
820,509
494,858
801,147
591,615
122,545
986,537
562,106
935,747
657,911
958,941
435,821
443,901
366,370
134,582
438,838
721,906
657,390
493,846
95,879
787,156
485,461
309,308
793,752
361,782
79,218
519,222
185,711
367,23
742,220
646,958
617,636
917,844
801,209
231,65
818,628
133,783
43,930
946,313
738,889
655,711
706,998
921,805
37,9
553,840
729,778
891,73
218,617
10,938
908,155
605,803
968,605
645,562
468,368
606,545
659,739
463,4
124,39
481,222
770,338
87,180
875,341
208,842
156,632
879,244
300,233
628,15
96,939
662,980
732,758
942,644
494,90
3,712
287,80
434,170
581,299
994,842
836,306
413,110
569,152
459,300
934,434
242,680
342,863
708,963
394,867
581,908
505,383
302,697
45,190
323,207
480,559
459,304
540,871
102,900
419,814
81,754
126,704
269,582
975,736
863,705
173,938
315,987
373,732
773,564
576,491
448,553
985,853
989,330
580,126
616,463
367,189
829,323
41,155
429,46
282,420
982,838
5,433
968,726
413,59
374,812
768,838
843,27
171,857
924,869
958,877
169,171
704,151
680,209
326,854
590,373
535,243
784,620
836,100
619,611
930,157
528,971
602,593
323,552
454,916
84,283
958,890
786,993
942,339
533,48
500,372
333,291
492,487
135,666
414,571
296,52
316,571
866,904
746,97
535,126
215,41
115,548
103,83
130,618
14,654
852,421
783,863
194,796
124,125
992,467
575,146
270,887
400,941
319,864
597,20
208,65
423,896
259,958
129,210
300,626
792,517
938,684
868,125
531,470
964,855
519,508
446,774
931,598
230,871
10,943
838,753
744,832
541,692
720,152
996,674
66,187
104,481
579,180
407,378
684,531
284,143
985,612
479,119
761,792
506,42
526,144
620,597
982,97
148,167
722,875
172,331
198,773
835,90
276,702
660,853
155,919
177,475
451,480
221,845
472,208
5,49
17,441
130,202
221,97
714,807
396,78
45,332
438,936
647,519
593,917
619,92
666,186
824,776
423,321
703,89
400,334
949,319
167,611
736,731
820,314
695,801
355,610
362,174
842,860
634,814
862,943
505,432
216,96
469,863
346,813
40,389
537,114
421,733
312,110
50,337
386,15
932,82
270,791
246,418
839,949
888,763
921,351
529,778
682,219
873,320
550,316
678,29
110,35
720,121
167,780
916,99
458,36
955,919
330,551
744,846
550,560
828,117
502,846
613,845
825,937
196,437
684,797
768,787
161,399
415,649
283,677
628,665
949,884
212,460
366,610
235,510
461,898
1,933
81,192
752,550
782,705
773,891
146,80
255,123
866,843
455,795
231,744
230,214
81,951
405,198
699,196
157,31
266,549
875,894
572,941
464,595
966,812
396,874
826,883
515,527
128,656
187,717
730,979
541,153
91,52
563,481
413,891
206,613
78,273
782,607
673,667
972,60
749,267
558,299
145,447
541,760
987,783
101,161
378,761
740,764
429,605
828,700
311,327
347,356
234,204
916,603
324,369
937,388
645,12
192,657
509,922
558,69
861,593
276,127
581,922
412,952
268,903
563,283
976,170
133,664
885,674
935,630
52,824
692,211
378,115
859,219
7,578
900,139
432,942
844,379
983,310
987,47
271,860
826,1000
315,660
11,493
246,149
575,846
950,120
883,827
188,998
854,569
480,429
506,720
525,526
154,41
397,290
44,591
136,767
98,469
184,512
974,636
924,548
428,860
266,472
956,554
825,129
225,720
913,777
898,812
852,357
291,105
621,928
690,459
3,985
396,535
964,120
117,989
815,335
525,732
834,61
892,463
746,199
932,955
591,749
339,199
499,791
290,748
171,887
579,739
868,893
413,116
733,867
613,293
679,607
257,671
39,946
941,238
744,182
792,210
791,933
51,381
141,427
584,902
264,614
378,328
251,22
522,936
417,984
714,363
599,462
700,915
750,35
401,773
176,112
231,912
65,502
354,167
366,90
934,564
982,56
784,489
435,112
579,837
245,139
284,776
182,136
312,201
5,368
659,371
333,423
962,501
809,160
290,261
54,41
789,538
309,326
296,364
115,440
156,281
223,73
358,544
845,692
105,906
17,670
870,741
136,398
773,2
911,967
762,221
926,496
587,13
245,136
21,307
350,27
738,129
147,341
782,734
246,843
572,30
257,338
962,620
517,578
242,698
807,847
54,755
450,19
868,578
876,742
893,342
809,619
740,173
401,676
103,452
785,99
294,798
490,727
487,405
155,872
802,353
760,757
307,616
853,869
579,846
719,914
275,202
229,367
154,555
773,85
235,38
182,694
778,769
464,222
662,657
87,332
234,423
864,299
861,819
456,153
871,945
782,616
107,719
10,223
419,99
127,122
350,675
188,612
240,793
645,539
917,264
635,302
283,838
102,673
370,226
774,83
343,711
408,307
998,709
331,991
369,98
639,449
110,773
199,829
101,402
351,274
519,127
847,686
669,965
313,788
931,207
218,918
935,636
36,459
739,60
769,4
677,409
735,116
45,139
293,908
393,638
345,143
486,389
866,386
183,160
25,601
190,755
683,414
373,682
402,545
662,396
411,268
367,342
299,502
28,105
169,75
945,775
594,161
167,450
513,435
226,481
293,623
399,205
12,57
288,213
412,572
541,236
79,268
151,223
233,751
342,521
213,176
323,640
461,805
199,833
769,305
836,701
115,993
974,330
501,116
291,534
718,670
630,230
717,832
173,841
675,12
770,54
658,629
601,341
351,691
278,585
876,824
18,17
673,307
496,21
903,930
11,902
48,583
348,295
212,603
202,719
462,233
169,632
215,999
29,873
175,514
316,108
960,579
655,491
89,558
797,887
468,434
384,270
99,68
256,396
714,602
606,182
693,657
842,100
412,355
255,221
109,701
5,30
448,854
425,978
780,529
934,637
698,240
49,492
310,554
354,849
651,513
892,65
419,36
603,680
266,750
873,971
862,942
977,419
983,598
304,237
970,431
524,785
652,709
334,62
601,353
371,418
32,453
538,216
989,505
705,976
994,580
868,701
804,512
946,183
743,817
281,374
508,193
518,33
29,257
158,821
146,656
151,49
545,341
163,586
964,63
662,601
212,683
557,25
224,71
931,277
37,7
113,313
818,701
270,655
702,233
505,677
533,282
221,41
677,447
80,903
57,501
743,64
527,241
740,124
193,814
526,339
95,692
869,221
112,263
247,590
73,487
707,903
109,308
806,599
742,439
279,77
196,223
43,263
151,380
704,246
159,160
777,166
872,382
651,319
47,260
313,677
913,505
34,842
170,323
864,976
22,602
191,875
200,462
489,851
189,302
402,426
888,429
752,109
934,461
724,116
43,350
245,929
742,417
265,586
591,848
901,944
992,10
305,38
194,801
874,813
227,666
375,488
934,540
777,34
269,422
308,293
763,370
162,101
873,116
443,904
854,715
228,754
8,439
33,251
840,922
330,602
821,837
821,32
651,909
474,750
690,178
652,908
807,946
349,998
389,343
296,172
481,509
967,677
143,387
24,363
275,82
215,412
51,138
791,179
55,270
253,8
542,533
783,318
948,484
998,530
427,349
428,793
828,705
124,255
765,149
662,18
169,270
927,303
506,614
727,326
226,42
833,934
526,17
387,581
434,894
722,525
987,699
412,628
37,535
42,3
902,946
743,342
731,905
95,880
978,149
701,504
201,624
501,183
848,61
32,916
990,604
292,235
661,412
472,888
216,199
191,730
828,974
44,160
103,338
442,239
504,799
192,519
24,424
967,874
868,173
917,472
539,144
548,958
745,429
829,498
206,887
494,250
457,765
794,91
810,252
481,129
204,74
224,555
46,159
920,808
247,482
984,707
30,13
283,500
699,373
757,777
755,115
846,668
706,176
103,511
451,849
632,370
1000,102
48,986
709,14
2,735
79,221
502,22
757,767
337,521
21,512
995,672
113,188
249,714
797,665
657,458
544,697
606,627
213,792
507,72
398,558
311,595
738,412
645,35
646,259
244,513
871,699
366,233
297,827
366,165
646,133
344,436
133,334
294,587
905,804
718,406
802,440
44,590
852,750
605,136
513,282
621,684
319,784
905,650
779,944
242,174
292,532
343,189
564,446
905,445
571,593
936,435
671,736
698,559
117,255
924,273
246,579
219,52
707,589
327,271
625,453
205,169
338,495
245,243
120,960
800,92
951,780
60,397
847,178
721,152
528,630
501,160
917,949
136,796
441,333
808,875
652,609
578,333
794,113
591,568
350,220
365,386
810,44
302,62
282,816
695,852
718,904
80,34
951,505
394,466
425,142
977,438
300,134
924,593
5,574
525,868
8,675
603,64
758,911
999,812
61,386
396,676
683,178
645,589
576,910
432,204
471,631
120,397
450,795
96,875
679,356
64,752
786,405
588,426
635,707
623,527
65,532
360,260
904,565
535,514
953,799
971,611
177,193
618,915
164,889
366,99
62,250
588,733
728,389
500,121
936,836
95,199
735,676
70,988
939,735
651,896
588,273
413,426
807,116
919,853
347,852
768,504
165,451
247,853
279,416
797,672
532,228
371,95
927,367
302,344
54,392
534,60
129,583
200,863
959,746
504,508
771,916
804,761
258,168
707,558
707,978
522,982
668,518
976,629
283,18
653,698
865,860
948,846
103,987
848,708
825,851
478,546
13,180
604,807
206,429
98,525
350,755
712,344
869,692
559,96
90,318
27,692
232,945
692,76
142,282
764,967
843,363
515,87
354,617
819,880
72,729
963,927
805,458
549,227
327,361
731,486
239,56
418,189
14,405
586,678
727,994
745,442
149,148
391,227
244,70
788,473
132,419
805,258
973,682
319,575
511,695
728,711
931,914
698,462
179,607
736,125
716,663
881,163
506,358
959,701
376,93
937,758
149,905
645,327
40,217
896,407
998,98
887,844
806,838
812,837
671,388
808,415
922,341
225,747
522,849
673,796
983,440
670,220
552,922
960,430
408,68
874,667
126,755
468,724
19,903
726,373
933,771
801,977
79,656
774,597
394,647
745,49
365,416
556,546
304,512
635,150
822,776
280,462
21,267
88,486
202,741
17,626
115,322
435,426
852,936
109,741
258,377
744,120
402,641
93,846
663,788
449,809
275,940
354,620
325,359
268,558
12,215
78,657
449,541
545,384
358,540
504,458
65,235
265,380
89,736
365,102
311,132
913,44
888,37
285,415
725,206
352,842
446,697
222,448
197,757
983,924
543,938
773,710
521,359
712,765
487,796
4,247
395,429
541,340
546,783
637,532
436,292
697,841
38,589
535,146
228,775
32,336
696,561
92,685
343,59
403,124
976,982
921,822
326,722
887,689
467,719
545,39
282,808
95,449
329,381
589,901
328,484
128,251
936,366
195,189
389,714
178,911
531,670
231,518
536,677
183,50
331,614
163,220
730,957
535,817
940,570
478,120
168,418
623,851
209,152
589,628
269,968
805,365
287,229
777,630
614,711
4,318
178,443
67,416
202,586
23,902
451,785
167,703
411,476
36,487
215,366
162,80
85,216
147,448
648,720
977,530
719,721
754,712
183,840
693,928
490,333
124,443
199,119
22,775
753,890
307,348
525,908
78,524
2,332
27,80
464,673
394,785
477,820
31,920
664,733
667,104
315,958
150,888
893,831
139,608
355,258
559,546
962,865
651,576
779,658
257,879
814,332
707,681
114,55
323,630
579,731
942,216
826,959
179,302
112,863
446,957
982,552
747,205
127,305
461,596
774,941
213,613
575,90
136,231
631,877
429,34
21,754
199,120
107,86
474,20
333,85
621,535
207,89
203,20
56,385
255,698
490,286
766,502
905,108
491,576
495,393
133,645
959,705
748,303
817,109
123,954
193,697
727,908
425,169
609,899
253,561
479,732
307,671
133,713
543,354
465,512
694,48
900,884
690,86
66,705
851,666
432,603
547,219
776,9
678,650
66,44
171,532
967,342
325,534
422,766
110,848
96,397
141,946
291,677
342,895
20,869
908,615
340,893
397,673
146,612
502,968
202,810
918,488
12,737
146,820
808,486
126,385
156,779
74,829
818,24
629,135
299,375
38,852
340,909
209,508
297,807
835,915
937,188
317,478
438,773
977,936
614,485
95,758
434,149
377,518
807,616
184,362
619,312
35,285
281,643
934,973
293,343
707,253
390,911
536,100
723,377
131,504
164,65
660,625
454,94
729,825
40,415
556,993
332,343
947,150
47,47
946,518
195,994
627,630
302,83
444,32
987,705
247,658
252,684
886,730
247,763
440,994
474,836
323,582
433,767
300,383
372,851
247,166
581,331
26,302
558,341
915,774
514,831
345,232
804,463
685,845
295,51
469,552
861,747
886,653
36,915
593,537
617,337
515,104
993,811
234,531
114,541
132,452
918,707
775,900
359,466
406,678
192,160
334,298
284,693
218,343
931,292
875,679
631,567
879,520
521,900
859,428
787,53
233,734
794,503
327,827
491,273
788,424
736,606
246,721
752,360
814,767
118,658
857,83
495,878
22,661
874,795
9,581
859,915
654,492
173,425
108,962
317,782
149,740
186,847
623,710
404,171
42,43
747,776
653,772
88,861
618,498
252,160
235,599
591,851
113,959
77,157
874,739
543,857
942,323
419,822
18,696
119,975
937,298
905,61
610,525
431,414
828,288
768,598
61,374
459,895
680,366
506,875
541,680
490,187
432,57
282,119
868,72
657,747
487,762
548,463
521,26
517,441
12,662
403,933
1000,676
43,285
602,527
918,738
718,150
471,117
725,395
980,253
845,892
745,594
9,190
943,956
732,183
171,936
272,542
25,648
199,436
737,981
987,279
987,606
220,56
207,907
41,635
647,846
10,498
791,257
598,729
791,765
555,634
691,295
134,801
689,712
122,118
765,417
100,273
335,246
523,920
161,253
898,738
810,588
45,242
252,166
547,524
883,179
484,588
288,907
649,592
350,318
85,372
812,66
183,683
937,331
13,218
762,185
592,4
166,414
933,269
653,939
166,11
395,139
42,293
161,409
88,552
411,365
924,579
876,813
353,979
204,86
936,290
310,183
150,789
345,172
944,43
398,73
723,865
355,115
449,501
646,808
635,238
849,863
705,347
82,892
535,934
362,494
653,574
12,609
948,690
219,861
591,892
959,638
51,121
276,610
422,244
727,270
308,823
136,202
629,118
611,923
851,742
399,734
847,382
683,177
214,295
591,116
96,152
544,215
652,786
575,260
844,370
382,773
838,560
908,498
665,301
232,603
769,175
853,182
174,904
425,207
615,866
99,207
751,78
85,767
163,366
998,755
43,321
787,952
108,940
411,315
623,54
176,824
22,696
974,666
525,133
326,375
997,114
80,811
993,405
761,580
603,659
547,654
245,545
542,383
223,950
723,774
822,594
314,829
404,379
889,6
314,351
916,692
751,536
606,605
133,743
203,845
951,679
748,417
922,818
1,778
828,820
446,136
41,360
521,223
962,974
768,839
268,2
202,568
477,881
927,39
460,586
974,123
462,367
558,927
531,343
885,471
721,720
158,552
872,608
502,103
825,511
631,795
34,756
168,503
635,370
322,263
357,536
484,817
646,215
723,190
991,23
78,44
426,265
489,836
153,537
203,134
235,975
162,560
512,645
465,106
792,237
29,629
908,908
661,351
204,712
265,157
525,112
388,24
776,127
437,798
629,346
606,250
228,288
342,54
714,393
704,650
2,89
775,150
987,899
172,280
137,426
878,560
891,237
389,343
630,429
792,691
64,358
110,704
781,115
250,534
211,94
448,584
455,334
393,72
913,202
469,42
464,728
266,234
155,555
292,345
408,694
518,519
331,158
647,55
107,38
607,475
391,131
889,903
673,559
510,176
653,536
973,152
73,619
89,194
496,880
295,332
413,796
712,975
387,308
299,337
163,131
564,137
984,462
828,134
907,162
898,201
442,998
965,447
206,261
807,804
370,953
40,940
415,158
690,681
454,862
471,994
767,100
889,284
385,737
276,952
520,80
513,484
112,114
195,891
621,141
636,710
215,586
15,894
85,334
650,220
19,121
365,724
572,40
98,867
297,4
333,508
786,991
23,834
134,705
434,874
206,740
514,229
670,118
910,312
921,255
544,741
203,577
276,273
795,877
797,927
929,440
315,585
354,182
894,912
947,872
916,169
750,750
896,11
855,576
463,124
921,891
947,798
226,879
892,478
910,481
594,798
542,986
870,315
209,830
555,181
786,373
836,123
968,538
44,678
102,350
11,837
774,613
921,125
443,614
860,563
262,769
438,536
812,422
783,78
408,757
221,374
688,396
15,481
725,715
676,204
940,209
472,954
784,138
409,645
868,603
957,610
442,902
960,395
227,164
939,712
207,83
193,416
197,457
810,806
700,428
63,409
343,52
434,811
630,556
541,993
988,667
932,446
606,387
604,982
536,772
773,909
289,458
43,168
990,38
428,171
850,287
488,460
947,256
409,121
416,689
979,412
48,789
560,887
154,577
993,639
895,392
541,991
805,615
938,797
906,937
317,305
380,364
460,956
184,537
360,526
720,732
953,6
516,476
398,594
343,312
6,15
569,405
731,278
892,947
2,393
862,370
791,645
477,149
700,105
913,249
783,88
983,59
57,976
817,292
188,976
643,444
764,401
381,910
742,827
507,728
516,173
743,415
792,585
782,806
194,792
371,33
90,890
247,227
740,639
172,844
254,972
173,353
773,829
267,702
521,31
919,313
311,374
57,501
631,480
128,739
605,135
587,764
488,92
304,305
264,468
422,946
246,504
629,249
834,491
604,246
155,594
87,693
935,313
855,987
314,792
909,467
107,118
663,367
202,187
274,813
832,524
231,159
870,119
618,475
160,592
60,371
360,295
578,114
25,182
452,209
154,966
538,825
960,289
769,408
964,947
94,840
277,338
965,777
473,670
361,555
183,339
523,986
589,266
84,344
883,806
791,450
329,817
391,895
524,718
237,597
543,83
590,528
573,600
209,762
475,971
973,102
318,732
927,615
579,339
701,235
457,573
988,646
19,686
852,456
660,637
91,670
298,407
366,56
725,369
38,97
797,394
430,779
274,873
926,609
891,202
254,127
488,584
109,20
354,419
118,820
491,159
340,537
24,706
989,738
644,267
491,639
823,619
68,895
759,377
497,887
75,468
156,720
921,646
194,66
202,665
6,286
11,759
666,223
727,236
741,896
522,865
88,283
19,443
771,819
877,342
280,497
519,770
118,23
593,673
944,436
188,66
228,992
602,292
428,57
856,755
183,803
593,877
471,602
272,706
314,853
984,136
509,339
191,352
58,820
975,111
715,854
254,924
974,779
40,753
269,959
484,400
133,525
613,344
420,679
573,57
205,734
675,719
312,75
434,45
788,295
102,707
366,681
676,713
874,770
776,351
851,533
345,22
455,929
450,834
844,124
106,11
794,526
101,599
957,844
299,658
568,466
527,990
464,862
794,689
971,434
68,67
527,637
513,694
944,831
747,435
684,741
729,377
590,247
905,683
85,568
592,439
273,764
838,385
303,248
662,547
897,865
680,958
526,645
125,750
482,780
838,325
319,360
562,890
903,785
599,591
378,391
853,430
240,359
374,907
24,549
471,531
617,5
813,924
475,438
643,837
829,560
839,233
473,395
52,690
105,795
838,996
6,1000
923,51
407,987
895,135
563,756
260,695
438,254
888,213
35,38
242,981
181,39
761,78
983,295
439,699
92,36
153,566
829,308
300,356
670,58
184,487
521,106
162,683
609,997
832,801
409,605
960,155
844,811
421,780
852,150
210,861
582,637
243,424
209,406
728,27
885,512
389,54
714,406
370,218
695,859
697,464
893,437
900,989
851,554
726,858
974,711
170,982
766,706
147,404
172,908
622,151
245,328
493,122
601,747
783,696
352,849
51,640
630,471
542,668
502,894
940,442
553,366
226,379
669,420
352,827
386,441
292,404
31,173
16,149
958,846
405,123
706,181
790,209
446,864
685,165
488,265
605,96
969,761
147,418
391,479
780,224
207,37
428,594
532,397
506,906
54,999
92,554
217,354
198,539
505,864
156,598
104,284
938,217
479,181
749,499
694,68
317,302
590,29
273,525
176,257
587,919
388,677
808,481
684,610
490,367
108,645
71,914
642,348
994,662
13,765
995,314
531,455
614,816
449,363
525,607
1000,731
912,999
986,165
783,455
843,740
482,89
753,771
754,729
687,387
339,277
130,544
153,983
56,807
588,937
483,684
855,889
491,956
747,654
785,561
770,501
368,618
80,487
644,12
3,170
598,813
596,827
924,126
465,205
792,327
412,530
988,184
23,444
592,674
315,938
61,632
862,409
777,996
701,548
241,375
397,170
867,291
386,687
639,790
387,14
270,48
629,548
708,265
437,160
713,679
608,211
945,617
81,852
729,203
749,356
398,423
795,136
396,328
791,762
502,414
778,685
760,470
83,470
950,278
671,597
702,470
854,729
998,266
728,29
195,36
103,97
311,379
90,14
98,466
189,908
718,309
309,509
275,969
998,514
519,584
53,524
295,163
74,798
126,99
662,9
665,962
639,537
135,152
905,935
985,567
378,630
861,831
329,281
370,116
421,779
815,609
498,892
374,848
980,484
399,685
337,365
878,715
910,910
721,277
549,181
77,846
188,387
35,110
978,912
664,877
163,426
446,970
336,466
19,934
272,247
244,447
120,378
189,410
416,10
188,335
87,896
756,502
183,413
582,759
642,995
832,28
4,505
575,34
619,84
289,206
900,904
353,276
573,570
887,116
428,15
687,346
111,954
640,992
305,946
165,633
810,989
751,670
881,162
812,587
699,403
482,833
758,449
163,745
397,192
972,50
975,126
925,188
607,775
300,672
914,703
867,435
220,544
882,753
260,628
557,755
928,613
504,744
755,415
423,764
553,674
890,232
228,809
930,884
987,15
71,264
131,471
494,274
650,387
672,391
90,311
36,952
819,786
34,206
313,439
160,739
818,173
369,254
370,779
447,670
94,170
181,731
551,426
499,320
766,665
850,496
321,503
96,225
323,324
116,107
855,627
596,366
580,534
825,327
123,410
945,24
384,677
392,614
303,31
151,354
27,764
30,441
965,148
506,651
42,323
838,219
461,251
9,278
103,5
29,685
494,599
328,346
346,660
209,843
197,327
926,127
249,713
402,557
11,860
161,869
681,504
719,139
823,178
860,300
387,168
937,270
301,835
142,787
676,175
294,935
37,3
33,296
347,795
831,607
84,300
130,966
477,372
880,585
637,872
241,917
912,852
484,595
825,204
417,412
544,769
718,553
831,11
578,474
832,891
854,386
140,431
267,474
434,399
385,547
145,257
113,595
191,662
713,515
368,315
299,618
350,964
198,235
677,157
854,873
731,977
933,380
930,509
534,461
644,102
549,516
491,12
424,618
542,160
595,998
54,113
660,471
13,814
171,359
55,568
727,570
713,479
693,956
12,184
349,434
55,277
367,479
909,993
476,346
940,893
400,879
30,843
104,397
157,920
104,280
587,466
510,137
597,288
436,212
974,986
357,962
966,100
608,843
168,865
260,671
315,559
807,330
844,255
459,772
745,101
837,975
288,749
293,221
917,224
533,219
346,720
557,198
365,818
550,398
685,267
109,915
220,743
85,101
478,343
578,643
786,293
358,514
194,571
556,31
1000,952
363,1000
780,77
752,4
366,78
572,66
839,599
917,890
116,986
96,921
493,555
57,635
830,372
339,698
712,273
566,754
904,707
615,618
297,874
768,299
902,996
843,933
981,578
56,624
138,963
871,465
754,66
19,981
474,321
561,134
861,567
522,819
944,818
788,447
94,109
446,759
586,685
114,717
230,316
683,155
173,78
73,798
479,373
895,707
426,865
730,146
563,511
625,502
198,880
85,10
431,849
578,284
527,595
290,792
624,599
133,603
351,149
868,237
285,203
635,723
587,858
845,177
890,345
474,131
835,779
58,640
441,313
650,447
792,573
68,87
324,748
28,168
952,740
764,375
35,425
442,589
121,408
780,422
20,81
198,481
833,336
547,125
406,370
19,348
159,544
181,804
910,582
154,457
664,581
58,572
172,148
88,713
315,419
914,380
205,438
377,729
185,178
341,182
41,833
110,28
176,923
146,693
468,296
357,108
296,973
173,248
959,520
997,179
365,748
60,168
859,544
208,565
152,910
710,672
334,959
814,140
941,415
162,849
338,306
36,294
603,481
328,530
259,62
913,523
745,498
652,197
323,179
309,888
514,184
916,111
811,186
129,806
112,731
490,125
979,625
299,779
705,697
483,871
835,594
524,675
542,396
861,235
764,488
756,617
966,396
113,626
768,14
692,993
545,874
54,28
50,906
94,845
542,191
846,224
71,919
447,499
443,709
338,832
356,432
229,466
60,58
857,520
111,647
852,586
740,99
516,786
479,361
110,337
99,88
882,595
806,156
762,345
712,2
173,733
678,564
575,317
207,527
388,613
520,722
479,494
903,970
545,807
169,832
927,478
586,875
37,466
712,551
892,442
412,318
666,625
76,991
623,577
53,965
767,951
556,164
143,13
829,404
73,6
752,414
33,824
909,354
915,949
693,452
283,70
429,804
961,429
925,26
697,411
103,732
626,725
519,825
428,491
975,890
751,783
606,370
893,411
743,846
811,209
223,71
7,307
823,892
811,265
581,771
90,997
874,215
8,609
695,114
442,74
691,860
476,101
644,606
239,610
480,424
302,592
204,415
657,551
301,40
693,471
644,821
79,481
895,200
381,73
975,557
125,828
270,627
602,200
287,198
285,766
314,496
193,741
601,767
974,454
774,840
34,830
697,91
494,90
760,985
647,437
829,38
943,212
172,652
816,569
858,971
683,711
626,392
104,53
428,122
108,177
216,931
462,979
577,642
773,299
460,363
324,22
756,729
229,837
150,892
327,640
662,434
284,632
598,529
335,166
971,75
240,250
537,906
450,64
64,918
635,935
951,37
831,394
259,564
573,48
883,221
481,527
812,1000
739,576
537,48
782,947
985,498
608,4
609,99
529,717
441,627
433,380
193,10
997,306
125,291
574,825
64,721
341,832
621,643
293,24
733,479
224,309
460,178
308,568
926,729
678,176
633,419
911,92
438,530
526,678
477,371
555,60
127,532
810,357
91,76
385,557
710,565
353,337
965,751
994,473
537,239
999,134
767,415
817,453
372,150
702,765
134,660
514,863
420,29
233,84
213,670
851,640
314,282
609,825
658,827
810,141
405,632
83,521
122,785
320,993
274,382
672,267
887,113
869,388
586,886
687,652
465,992
825,111
91,15
779,957
885,272
668,701
171,572
103,806
63,915
911,719
484,886
475,759
313,546
797,908
100,551
796,687
107,719
635,918
405,334
845,587
826,699
96,949
953,277
101,431
588,754
194,3
348,875
389,538
856,975
90,397
852,428
647,559
637,820
497,544
146,984
992,672
794,532
648,173
750,693
154,560
733,111
157,593
492,640
266,749
842,448
291,560
370,198
419,821
699,836
987,603
658,977
541,719
852,691
660,274
77,961
790,132
460,501
343,961
754,925
551,373
557,110
340,420
984,540
618,127
592,474
174,251
587,66
254,817
798,947
315,658
792,178
726,199
983,427
573,201
319,586
871,570
38,487
630,926
551,797
444,436
551,366
362,51
616,256
417,242
939,225
192,347
364,420
679,354
700,862
114,221
551,616
471,618
942,586
656,260
483,281
157,1000
359,99
735,912
543,917
517,957
506,962
900,667
367,337
296,447
682,903
30,859
585,283
976,56
452,272
9,528
344,174
844,8
719,829
413,516
846,650
39,11
66,413
653,236
355,102
646,583
410,918
371,12
900,576
795,806
419,421
456,139
75,716
944,806
115,22
931,585
154,342
911,712
927,340
134,518
176,109
246,443
923,263
709,441
660,959
814,618
257,708
466,923
144,502
783,497
175,265
977,926
43,999
848,710
703,710
518,814
873,387
218,971
951,95
895,305
841,251
687,164
214,429
299,23
108,418
19,246
869,299
982,757
903,378
564,966
526,95
346,767
929,300
977,613
981,180
749,634
816,180
181,476
947,332
27,787
128,20
290,322
430,785
573,298
796,355
185,272
830,44
768,560
680,174
224,588
575,461
992,334
153,505
495,880
922,482
762,46
54,718
370,857
730,461
164,572
760,509
225,463
554,272
866,486
692,259
309,61
918,589
970,298
178,642
842,319
67,669
276,559
925,242
529,731
185,191
525,376
298,243
726,377
839,460
890,865
454,307
871,839
805,980
279,290
791,488
747,146
298,965
800,631
53,744
850,716
482,156
514,585
64,654
238,733
228,585
111,886
229,737
382,399
938,612
875,825
411,531
123,612
699,307
823,419
932,816
412,509
974,519
986,184
296,677
489,261
761,592
267,326
799,11
714,381
126,784
935,599
946,158
604,993
87,379
139,68
937,569
35,705
265,615
723,162
377,72
577,682
80,142
836,74
173,466
342,20
115,931
312,292
483,794
208,93
768,78
897,971
871,823
314,982
663,140
973,556
179,197
375,887
784,710
763,927
664,1
715,300
224,712
736,794
401,45
773,569
426,303
616,669
542,314
27,804
525,871
874,141
554,946
334,158
337,53
905,246
471,461
343,266
213,785
905,479
932,857
141,183
174,128
814,98
385,156
116,260
378,487
607,83
107,58
720,987
606,165
457,221
909,644
999,986
385,784
455,385
192,368
568,596
217,863
896,215
311,194
136,40
911,87
238,673
235,411
38,926
487,664
781,402
528,932
923,553
796,802
662,121
162,397
421,654
505,626
841,933
519,199
845,880
500,75
700,635
846,748
368,839
470,725
922,991
946,603
599,321
427,72
371,664
481,547
352,281
926,115
432,281
800,213
238,557
77,537
690,197
543,600
7,463
63,917
324,884
121,846
684,195
755,380
724,653
120,52
208,147
726,125
365,977
521,962
252,639
268,953
4,381
542,419
568,914
764,656
345,693
230,175
858,756
90,290
287,421
861,945
139,281
758,172
581,617
177,644
595,139
1,417
256,760
874,663
927,218
779,197
853,200
385,76
596,57
471,742
158,610
931,47
79,714
275,225
839,234
448,190
284,691
693,302
822,66
284,424
524,447
258,811
611,178
942,704
334,450
102,711
737,364
700,186
85,993
238,850
158,946
498,371
15,574
641,701
948,147
44,835
984,316
315,83
541,659
666,681
577,651
174,833
226,149
692,493
743,578
443,66
923,709
595,362
283,943
475,703
490,406
740,314
426,353
719,99
997,890
944,926
548,459
508,157
796,956
32,819
109,484
83,204
952,434
534,492
105,512
268,549
75,959
767,453
372,953
606,143
113,342
256,166
207,409
898,139
714,28
6,615
195,866
382,714
428,737
354,603
869,191
66,672
581,891
695,48
197,982
805,307
696,884
169,266
263,64
97,702
731,282
490,615
642,786
14,815
412,988
174,494
717,734
365,204
719,402
631,291
985,523
215,15
156,865
321,80
274,171
427,190
176,928
801,639
150,787
435,159
281,304
891,650
397,253
684,346
70,143
985,414
162,303
613,538
145,115
24,372
735,935
738,737
929,885
610,964
485,332
666,311
700,931
155,797
302,5
866,854
599,526
560,617
889,894
802,523
818,294
467,963
134,283
837,969
641,179
140,38
87,356
305,400
822,885
599,337
530,368
679,512
875,692
816,951
231,743
231,516
727,302
40,400
244,409
518,288
1,874
350,57
480,736
344,987
651,411
58,255
794,572
930,256
720,138
935,408
756,31
597,248
890,706
370,579
797,415
917,917
47,715
659,487
321,475
372,130
973,383
807,540
155,121
979,691
633,442
175,974
300,368
315,101
848,901
855,353
663,185
921,935
83,207
937,136
413,635
661,390
839,407
860,429
99,63
293,996
486,224
300,253
193,530
656,948
83,324
750,283
557,674
535,395
829,873
795,27
534,520
50,405
660,262
184,23
411,412
517,824
778,992
463,35
737,341
737,190
563,783
541,603
360,632
695,12
616,559
162,821
587,840
971,658
774,289
768,43
740,496
574,395
318,813
958,712
703,22
980,460
378,945
629,664
318,601
311,633
477,127
132,65
969,93
662,277
780,338
105,221
563,696
163,924
818,914
399,296
785,711
196,628
618,510
789,19
71,366
743,696
375,942
589,157
543,174
167,847
709,120
728,137
597,129
988,200
405,359
672,558
140,582
761,341
188,934
209,19
601,619
876,122
664,287
375,57
617,776
332,814
230,389
593,968
259,929
295,375
648,31
236,550
854,886
718,304
904,482
721,527
629,11
334,12
602,476
693,535
754,677
923,820
932,110
174,952
725,976
965,271
518,595
140,436
871,744
843,612
803,954
464,403
59,240
348,697
552,346
526,938
141,419
741,985
543,480
695,347
703,864
147,602
402,363
923,173
313,18
584,486
258,711
298,119
782,260
687,2
368,762
367,355
258,46
457,788
981,308
559,863
970,104
36,830
419,893
579,142
389,836
15,474
579,728
637,819
58,486
654,900
708,158
233,615
615,15
217,374
119,555
316,506
718,749
772,604
506,738
867,532
509,48
297,866
332,911
602,292
339,958
362,136
920,69
762,846
343,404
942,558
460,425
292,666
41,940
237,529
617,155
680,797
66,485
953,844
92,105
423,585
57,156
806,9
173,295
734,691
613,171
97,448
560,518
360,117
714,442
747,963
830,73
503,85
844,674
71,612
903,207
333,768
990,262
967,112
584,152
930,760
375,501
457,292
115,553
66,981
627,765
874,684
816,138
624,376
197,343
101,849
382,707
32,561
597,666
899,51
246,58
10,262
512,890
891,282
136,229
797,389
277,13
363,766
543,831
349,245
768,752
14,831
428,806
844,600
977,203
402,166
639,237
381,85
476,348
875,81
244,273
329,961
725,61
410,216
825,519
787,946
667,518
275,455
347,379
103,831
167,870
3,295
24,949
200,603
764,663
200,897
265,657
287,507
888,305
825,142
129,10
256,799
435,983
538,252
137,21
507,59
72,57
522,37
775,291
865,704
728,529
988,902
174,882
480,624
400,204
382,755
168,574
209,703
706,926
860,185
210,201
542,714
68,661
745,831
423,988
630,166
287,193
462,48
70,141
519,637
56,605
116,834
669,295
732,495
594,976
26,639
637,846
190,667
394,356
669,593
982,859
380,714
895,826
692,193
527,324
184,8
960,178
320,749
864,4
27,679
398,554
791,230
803,18
265,491
990,555
255,759
638,974
58,667
135,8
609,99
831,655
207,866
591,759
937,912
78,155
646,573
614,822
840,565
692,559
227,396
912,404
653,552
989,729
828,653
764,792
328,753
128,640
763,312
978,614
892,447
719,744
671,756
892,215
966,856
739,524
10,227
592,243
78,427
774,615
448,953
247,528
780,404
199,837
956,100
495,337
437,520
917,399
968,883
298,483
201,496
177,430
928,347
390,973
499,623
63,819
797,580
993,309
433,521
642,333
818,3
264,397
137,580
970,837
31,888
703,75
770,443
56,575
552,493
902,919
172,961
77,988
989,769
641,823
591,21
727,424
985,683
84,748
903,598
846,235
240,31
969,399
349,949
761,624
259,813
927,448
341,632
407,692
262,530
522,799
923,648
933,400
203,326
758,350
341,301
332,638
700,707
128,720
53,297
781,473
427,595
459,984
151,406
201,798
881,95
838,288
177,540
749,125
178,259
184,786
629,714
908,382
921,10
11,517
702,401
114,573
749,543
964,190
1,477
677,933
311,53
913,767
973,133
410,278
292,782
92,418
919,698
915,64
718,310
239,501
775,162
948,945
991,781
879,266
39,329
13,594
835,542
160,961
208,943
245,795
384,510
694,791
171,588
206,472
628,562
391,601
104,579
396,449
280,283
318,52
468,501
508,685
147,853
729,960
977,906
809,832
800,892
655,480
772,265
230,130
401,449
695,167
115,877
290,583
641,969
350,528
914,911
859,239
924,372
16,742
331,389
711,731
242,540
473,383
439,521
330,778
885,94
183,982
563,323
780,811
513,392
870,846
177,207
51,323
226,197
771,140
268,656
509,423
315,11
498,321
595,638
828,157
322,724
71,656
638,598
977,537
507,664
2,796
137,196
670,241
807,990
854,487
881,704
664,977
690,731
557,530
443,356
689,54
542,223
633,682
694,660
288,46
899,729
737,66
142,192
952,158
111,132
16,184
526,798
976,823
66,737
163,455
380,860
897,20
632,521
276,933
56,137
847,579
802,936
464,579
999,63
27,472
21,733
947,658
267,107
324,261
678,57
573,594
586,434
867,28
482,351
724,184
331,561
822,101
950,245
272,628
763,44
14,795
510,565
811,419
551,452
690,478
537,654
725,910
21,836
678,390
240,556
855,103
869,950
441,861
512,596
230,155
978,568
305,307
950,816
789,568
851,640
389,369
967,922
892,636
687,572
451,969
653,497
537,869
79,875
829,290
228,136
211,372
260,226
606,862
422,889
115,720
35,4
216,690
592,475
537,656
691,810
648,109
490,337
437,832
832,948
488,181
807,712
285,804
943,194
357,294
399,555
61,115
131,510
99,726
353,662
178,728
267,799
550,234
739,9
246,544
670,20
125,260
725,408
870,849
526,871
364,565
175,344
428,113
708,668
379,89
532,600
705,373
616,718
922,712
56,391
10,275
567,210
527,187
463,365
51,802
443,887
149,264
891,557
782,921
826,251
671,865
281,985
361,520
51,133
818,795
797,860
444,485
68,394
4,972
470,386
886,304
206,375
853,458
685,521
517,553
791,741
710,683
952,328
736,614
72,159
990,303
896,860
139,502
897,877
236,820
487,739
474,679
918,168
96,318
857,202
294,897
513,756
292,102
723,561
163,582
514,694
112,154
699,657
563,808
846,630
159,782
82,674
814,217
176,338
675,756
818,435
567,675
638,600
864,776
662,287
328,649
885,568
837,821
738,895
820,766
119,61
708,762
647,678
198,482
181,302
313,27
570,16
37,61
653,935
110,990
966,268
713,200
59,620
997,947
234,789
573,47
668,7
295,576
449,136
824,124
936,280
815,860
784,585
442,704
882,733
474,22
450,745
601,744
502,164
5,517
553,580
648,762
912,54
831,195
192,473
866,162
644,462
736,625
103,52
895,764
506,685
167,645
31,758
684,680
387,99
77,679
512,413
376,38
910,379
213,294
428,240
532,226
302,835
121,411
689,84
152,479
50,402
961,994
443,973
661,41
451,887
775,170
914,702
618,123
949,798
5,727
259,235
557,518
969,111
784,303
805,864
363,332
681,886
238,502
424,294
887,268
710,697
856,299
805,299
941,528
649,531
520,637
59,745
518,519
706,393
645,168
907,136
568,966
362,248
203,885
941,667
90,685
874,517
76,738
12,758
117,216
13,417
769,364
744,397
267,527
521,422
868,333
916,254
22,326
136,122
331,650
200,786
688,54
394,966
995,74
709,482
801,66
705,638
515,30
804,631
617,891
795,479
391,474
522,83
725,647
348,180
724,305
539,232
360,428
792,729
608,423
230,743
995,120
253,192
349,479
988,260
22,33
462,483
756,945
499,515
986,221
115,365
107,48
313,148
281,107
61,831
98,622
636,762
678,554
559,177
525,221
37,776
466,121
414,195
962,722
76,162
775,898
441,191
169,819
154,282
91,520
773,88
401,564
742,428
501,706
157,827
60,434
827,768
872,618
873,466
808,725
526,614
625,546
357,696
544,859
55,324
621,231
196,82
971,896
769,831
490,233
639,499
623,594
681,140
132,579
232,857
630,247
80,678
525,340
558,714
458,941
746,15
187,912
644,229
549,949
466,913
311,613
400,990
174,77
147,895
4,289
580,344
500,929
438,958
995,719
65,874
65,8
716,910
287,340
831,99
530,202
436,421
795,748
515,232
89,724
795,326
178,3
802,455
321,382
940,792
978,155
332,302
902,168
130,506
452,26
59,420
860,486
954,696
955,758
743,795
421,766
240,494
799,286
453,11
271,887
961,786
284,903
466,300
538,258
904,150
704,461
869,666
659,450
623,293
778,492
37,558
53,545
944,566
68,437
411,424
124,503
886,46
815,471
790,975
940,487
70,673
888,826
633,19
533,150
89,55
475,873
681,186
866,197
600,215
465,585
242,787
779,330
322,859
95,690
912,959
142,634
756,731
5,415
57,835
809,82
368,182
587,468
503,994
107,315
828,396
541,326
116,312
606,496
244,686
273,866
302,883
855,713
66,795
286,596
264,235
742,82
161,370
423,791
244,824
416,970
200,720
491,102
783,367
141,187
318,653
897,625
80,441
164,270
16,679
761,283
663,416
344,765
609,830
496,716
7,864
66,419
775,5
782,941
425,710
456,720
484,876
712,596
688,497
386,78
440,17
607,870
420,685
755,893
340,60
592,432
467,233
568,11
418,632
122,984
617,328
430,179
43,376
921,550
651,949
540,740
399,151
407,266
859,36
156,332
746,218
406,25
621,145
671,838
222,947
610,74
729,733
123,640
818,110
298,924
956,413
918,485
3,965
694,44
32,4
340,991
931,605
156,450
587,748
790,604
147,87
754,998
865,882
10,695
613,377
471,676
5,87
896,323
356,313
279,758
272,779
699,397
389,494
744,241
763,795
53,643
206,69
358,578
235,586
326,512
108,778
786,953
48,777
110,696
455,506
723,101
110,199
190,878
826,40
609,927
99,399
486,315
435,469
910,634
897,520
790,499
278,815
34,303
11,593
95,104
574,546
39,41
661,574
943,106
958,450
257,20
820,546
778,394
264,839
93,503
75,234
639,807
128,687
834,906
126,440
968,494
155,835
572,326
534,748
244,288
26,747
713,948
15,242
430,262
85,374
809,36
481,148
156,391
703,550
501,59
914,75
504,164
402,105
70,631
932,84
949,750
851,289
926,47
255,623
717,191
880,16
41,698
371,578
752,637
853,300
900,950
557,811
115,960
233,414
765,303
797,91
629,841
860,148
229,909
687,252
42,696
977,165
985,321
8,902
618,1000
789,801
1000,88
870,532
75,702
86,7
180,559
738,651
713,53
562,393
597,789
475,44
906,638
13,351
489,220
513,81
441,175
452,841
667,858
996,802
561,754
539,458
915,333
763,501
376,293
413,195
793,648
212,622
164,917
48,133
147,505
919,118
532,595
509,877
380,583
289,946
72,243
259,963
222,124
858,251
821,325
214,352
223,426
162,454
940,503
758,968
474,349
431,471
545,427
509,990
475,627
946,652
466,593
463,189
500,148
152,845
797,565
726,36
505,692
744,33
708,742
672,95
952,954
777,290
831,269
633,537
803,78
89,155
248,229
556,218
218,185
878,391
143,850
860,282
953,472
526,622
80,503
368,731
139,17
21,34
708,179
220,241
1,824
929,838
505,806
454,265
174,571
150,846
170,170
457,53
762,591
483,711
817,42
353,383
499,404
314,963
592,775
365,400
262,344
320,657
196,845
61,585
373,34
155,495
286,933
811,278
910,726
423,263
314,920
805,305
79,524
402,540
936,407
606,14
372,38
36,381
946,81
335,366
574,831
465,853
805,663
15,202
774,104
729,750
5,278
504,425
896,275
572,625
479,300
685,96
323,604
294,522
759,78
703,760
425,280
597,654
171,616
830,21
125,396
195,423
753,757
282,678
427,187
200,664
599,903
670,94
603,511
986,466
493,455
822,875
370,544
818,542
841,483
77,229
808,136
612,696
898,834
214,54
289,738
680,358
195,390
461,463
970,262
681,912
226,797
332,709
241,782
569,992
960,487
781,235
704,3
99,945
526,595
617,582
993,639
570,950
353,902
701,32
110,7
849,151
472,592
551,237
912,642
174,74
743,148
891,115
396,369
184,96
232,175
413,51
373,466
394,875
964,285
248,351
848,185
362,681
274,389
851,649
599,195
767,697
840,749
887,400
621,76
142,143
788,260
668,944
528,695
55,225
931,263
601,115
832,415
645,499
849,244
936,292
495,20
292,10
374,745
686,147
70,785
959,32
54,609
816,272
339,415
948,444
452,52
42,855
332,831
33,543
511,524
395,874
223,158
679,655
896,253
916,807
984,105
416,851
635,836
155,809
75,233
507,44
830,482
893,634
323,976
953,696
162,651
142,124
730,12
252,830
48,812
797,342
29,499
211,327
521,767
341,570
610,277
596,381
141,843
677,928
793,486
842,378
610,885
845,401
760,705
22,242
199,951
67,849
849,703
837,835
420,292
100,372
521,953
745,808
678,838
727,251
497,851
513,453
445,813
304,827
981,305
274,126
512,662
587,267
195,610
266,76
691,452
790,320
310,811
233,726
56,636
444,766
789,733
326,246
859,312
652,120
272,701
552,969
130,856
73,504
743,476
697,380
713,997
105,435
51,700
554,415
65,685
378,339
289,927
360,453
98,417
88,535
105,279
359,210
982,1
609,453
823,790
681,332
186,959
390,147
638,605
45,560
631,690
887,950
192,591
59,973
525,215
914,974
874,296
86,423
606,592
693,122
778,808
678,686
931,133
734,44
604,806
778,357
627,651
1000,175
27,618
396,606
162,749
677,375
582,866
570,39
129,981
105,883
191,697
801,544
859,842
86,335
217,577
6,46
155,931
746,658
5,70
472,785
297,439
483,795
584,731
852,788
744,180
454,988
816,609
627,876
240,550
143,160
325,704
261,376
110,362
862,903
794,932
765,379
113,130
619,464
390,267
664,202
832,362
935,569
356,309
92,270
688,1
800,663
672,156
890,274
413,282
48,911
570,420
328,459
413,31
512,210
115,394
426,624
99,236
766,525
381,998
898,963
285,286
582,564
287,778
580,407
570,936
395,774
358,295
42,256
701,895
756,609
60,983
921,908
54,668
860,19
541,105
277,36
224,634
43,9
278,988
229,328
493,386
883,163
485,468
910,796
503,411
161,738
272,668
819,102
391,436
1000,821
108,817
763,807
636,573
222,311
213,817
493,145
162,990
423,47
337,409
33,26
487,967
536,219
132,189
447,671
254,613
379,33
458,451
996,437
662,49
38,197
263,846
380,59
477,776
401,897
852,334
230,427
340,693
331,799
54,633
550,173
554,3
304,605
652,932
704,984
350,190
411,419
501,47
834,697
67,460
536,474
433,105
784,102
179,718
93,869
878,195
759,187
907,668
490,913
372,403
276,70
507,871
987,674
449,774
963,556
848,522
442,313
117,2
762,951
377,52
466,151
723,353
268,848
877,535
548,185
154,113
965,133
954,796
618,589
54,953
944,184
828,420
343,474
499,411
994,425
958,444
637,937
709,301
398,982
718,900
176,933
109,77
341,636
229,102
169,470
390,425
624,240
349,394
656,2
379,941
689,795
261,554
631,325
950,640
743,133
286,326
235,385
235,517
131,192
723,626
338,278
349,859
280,307
331,128
292,771
873,735
843,770
472,91
138,157
663,311
811,976
701,644
357,271
203,37
340,627
29,969
363,402
441,582
843,764
746,366
483,828
218,375
773,98
773,780
572,62
525,508
857,995
891,738
732,468
879,738
519,565
138,236
380,844
347,884
935,922
409,759
821,922
177,58
620,354
269,40
247,708
672,344
464,494
529,708
70,221
254,724
398,237
486,59
156,736
512,699
119,495
978,130
148,938
100,924
973,509
155,640
982,145
175,845
384,864
680,695
640,506
402,803
828,831
670,502
19,661
449,540
993,96
298,985
411,373
385,99
144,215
529,249
629,741
659,195
232,983
377,354
294,491
985,608
232,578
165,780
693,30
395,138
200,164
786,405
958,556
211,147
772,959
495,490
124,701
2,39
214,822
886,300
549,506
709,904
994,168
94,836
868,485
328,41
715,315
967,483
6,274
213,561
992,370
594,501
691,114
236,740
719,707
880,475
439,372
355,858
501,348
694,368
169,59
871,996
28,25
128,618
775,671
863,67
757,743
302,831
921,187
198,164
616,303
593,760
363,939
538,761
603,829
703,812
176,457
193,708
837,70
113,992
814,772
698,63
846,172
895,523
210,563
527,448
921,669
358,276
259,179
18,317
975,779
102,678
261,78
602,3
100,677
113,882
271,569
449,576
25,937
488,998
556,113
898,535
289,537
241,781
536,608
542,31
949,57
886,381
437,506
190,72
312,907
163,204
296,873
849,724
866,23
356,43
30,395
136,826
352,277
999,357
442,238
678,771
627,601
54,147
934,369
599,582
411,288
539,688
136,643
331,569
412,936
356,700
389,557
710,44
313,707
365,29
772,219
147,963
669,619
800,423
369,843
665,201
944,493
342,517
39,579
67,606
962,14
618,354
574,997
361,186
697,266
182,76
926,744
995,786
148,825
44,889
269,93
208,122
329,229
604,437
821,80
976,550
5,319
107,566
339,552
465,459
950,748
62,397
711,665
931,553
540,224
464,801
364,763
525,244
379,858
409,274
865,47
387,509
321,213
463,220
139,310
784,990
529,298
916,775
823,306
769,201
665,303
963,885
402,494
27,102
313,877
416,314
35,887
272,43
24,639
827,622
547,640
614,176
267,477
496,262
702,47
708,299
27,165
588,832
238,530
358,488
100,572
427,125
845,780
169,906
692,516
108,557
9,897
682,390
812,39
211,562
118,18
481,168
817,524
678,735
498,447
328,621
567,96
706,211
668,656
533,18
103,554
611,359
587,171
689,65
20,654
656,556
409,575
893,117
283,496
850,907
816,723
106,523
144,495
60,508
545,518
92,885
518,78
249,44
478,681
635,357
289,205
307,748
168,663
239,472
303,519
317,759
778,911
506,592
764,905
275,934
83,616
682,101
96,396
763,365
36,916
580,769
523,534
621,879
50,132
189,251
989,530
817,392
968,797
543,876
187,407
71,593
55,753
571,576
796,675
487,969
658,870
994,238
988,99
14,708
737,906
258,898
445,803
852,746
135,396
51,378
302,702
485,132
523,205
534,115
784,632
851,404
261,527
490,255
656,627
918,93
612,450
305,967
143,141
453,679
254,145
180,538
589,567
487,645
722,546
537,302
666,997
113,306
869,180
311,854
568,791
895,704
192,801
674,951
528,276
770,583
173,340
582,630
136,687
914,944
96,389
952,63
656,734
35,468
876,135
840,245
15,435
332,47
505,766
684,888
669,92
426,94
192,569
798,630
920,386
783,307
459,220
7,98
293,910
101,340
309,949
586,206
62,195
41,694
185,119
141,121
367,454
634,113
116,742
362,493
359,353
938,207
432,516
489,729
793,696
348,713
426,629
802,51
360,241
822,4
174,222
930,614
826,313
407,491
261,696
568,570
808,383
916,242
217,310
841,216
672,415
614,305
928,551
584,179
274,772
346,658
66,713
342,529
878,524
915,737
112,481
847,375
819,314
796,370
749,735
913,826
791,937
213,243
453,469
145,316
72,623
636,159
407,124
601,13
266,11
307,823
710,737
271,71
710,794
193,293
111,862
490,523
648,969
355,351
427,42
234,616
369,178
894,50
349,281
811,6
244,546
928,531
422,14
577,479
483,261
238,569
772,167
91,143
567,826
486,297
981,647
392,591
29,346
750,92
86,609
120,832
760,492
771,96
831,966
977,254
934,719
414,819
989,438
572,291
29,186
571,18
956,252
59,604
2,620
983,126
341,808
841,693
956,860
610,92
913,475
80,184
92,944
687,427
99,601
567,97
544,392
711,235
574,876
393,827
83,116
381,474
563,133
742,371
138,214
227,252
57,463
829,320
87,54
908,15
30,835
108,133
967,927
277,793
938,906
263,132
744,791
5,710
756,723
113,742
906,790
56,968
835,695
195,925
727,713
22,353
567,269
535,247
980,809
461,921
412,873
571,619
987,553
774,330
617,932
137,933
526,347
669,754
348,481
315,910
378,695
330,561
790,62
285,54
80,778
693,133
719,298
969,54
147,480
621,318
269,351
951,144
650,814
983,222
771,30
191,580
440,103
573,460
304,911
501,191
454,87
171,669
140,734
209,280
647,961
542,966
602,403
402,687
667,185
751,305
887,853
932,844
917,433
469,137
434,840
336,50
906,836
550,702
950,374
420,507
916,308
539,271
247,26
328,267
435,691
510,551
116,919
584,675
58,447
291,830
8,859
879,929
933,904
24,575
75,856
496,86
740,329
211,164
628,337
221,946
862,702
890,318
485,911
769,567
644,508
996,967
691,88
725,466
958,891
890,807
175,700
17,531
987,193
57,261
999,530
286,785
542,284
23,225
760,403
965,798
30,854
984,967
769,914
657,431
633,974
982,876
243,506
605,438
869,123
585,231
732,882
849,85
498,400
851,719
319,482
415,58
463,430
535,840
160,98
229,757
139,588
567,463
999,502
334,379
313,319
471,435
40,766
942,856
940,540
736,135
376,707
395,38
3,556
567,429
165,129
594,118
710,701
572,196
750,762
926,110
934,445
589,348
870,718
432,771
926,80
90,23
650,909
976,184
655,876
701,51
200,867
149,200
335,517
453,328
991,537
801,55
700,673
421,282
290,748
813,421
325,261
903,376
88,267
662,425
702,489
937,281
538,278
136,229
475,146
599,231
325,179
819,822
272,512
643,835
583,892
729,354
814,695
133,375
976,676
640,608
531,769
447,643
578,802
416,555
819,488
13,789
749,977
806,255
348,78
663,968
434,354
279,818
524,964
291,911
102,301
493,724
410,162
824,796
365,810
888,470
705,338
655,11
486,268
75,15
784,987
339,424
481,757
527,625
591,962
108,229
710,657
642,607
844,732
895,276
377,332
895,563
277,163
773,47
197,787
239,883
422,218
276,167
86,741
216,414
944,215
607,99
386,246
243,75
562,233
850,581
459,305
339,327
419,372
716,615
150,128
213,925
349,610
752,758
140,817
156,343
780,11
809,891
443,445
855,62
824,307
304,549
547,386
940,826
875,383
242,429
829,640
330,720
400,481
180,438
258,66
551,336
800,981
503,933
168,912
830,15
92,378
426,583
299,444
33,960
604,634
194,714
237,447
161,19
57,436
529,507
906,893
356,918
113,130
183,599
486,333
603,621
565,340
203,999
415,862
168,954
554,805
874,235
310,121
10,928
762,239
187,795
264,471
180,874
265,77
701,426
861,475
756,358
716,790
104,442
837,589
751,906
88,703
537,186
115,820
682,749
64,44
191,987
917,96
451,397
977,251
840,540
73,787
899,266
747,859
50,223
989,586
4,329
364,562
661,539
348,482
144,512
641,588
824,879
265,987
908,837
754,90
400,936
688,298
367,223
925,643
730,464
777,455
733,850
725,199
162,906
45,466
606,346
846,709
845,602
325,740
70,522
295,789
384,472
288,137
680,845
469,148
668,189
70,836
843,861
905,595
369,604
515,64
407,526
137,204
379,618
126,781
560,674
320,518
877,930
128,908
595,495
494,817
534,536
827,758
222,364
690,704
738,306
352,477
152,843
936,430
860,658
706,203
798,873
771,186
298,206
185,365
968,353
690,658
537,620
734,533
890,932
314,360
347,198
746,547
569,979
233,880
428,793
596,518
92,437
920,411
521,881
775,543
672,379
417,193
635,725
91,806
411,727
126,588
284,243
583,453
336,985
61,2
571,946
605,118
67,29
485,763
218,12
603,728
68,317
970,60
567,560
159,877
196,640
977,753
988,928
305,799
545,4
505,710
922,679
930,237
624,734
681,781
2,233
790,637
940,917
402,652
715,562
372,211
539,573
476,348
163,731
729,813
79,450
841,893
432,356
480,514
139,156
738,741
930,996
677,697
946,52
140,751
142,81
777,312
5,101
893,878
37,591
430,88
786,673
386,693
218,567
655,860
791,186
965,434
571,289
187,518
730,617
313,739
401,604
513,170
356,242
880,766
932,343
62,456
258,267
399,229
602,689
610,996
508,966
536,155
350,403
489,636
497,274
643,654
327,152
364,907
299,556
258,535
905,640
46,257
628,38
204,362
500,793
444,560
446,577
408,324
215,770
767,738
948,803
893,985
350,820
613,258
335,559
430,958
989,171
794,536
729,306
334,384
547,295
687,923
602,162
342,668
965,76
556,995
887,759
855,949
585,413
566,887
555,799
473,962
511,564
644,661
296,71
361,59
374,197
271,37
617,604
973,158
48,491
325,916
690,246
568,695
234,665
210,776
450,429
1,833
707,453
982,424
655,55
724,436
180,683
711,809
749,13
932,759
546,896
692,239
810,771
295,490
905,389
106,505
801,348
55,69
382,482
462,934
44,881
364,944
437,889
328,673
76,601
433,894
829,858
608,692
774,895
863,186
721,875
683,747
473,756
734,373
364,940
6,598
936,217
830,125
910,465
793,281
74,157
749,742
916,195
943,147
229,68
817,361
40,740
261,504
273,209
848,335
685,782
981,556
462,435
787,292
97,716
683,715
536,384
72,575
611,104
226,117
852,211
604,609
666,989
917,126
401,195
154,769
204,543
558,530
537,522
776,757
845,519
473,954
392,639
650,307
44,763
727,292
143,85
789,513
149,980
945,326
218,900
864,408
54,307
754,373
919,516
40,882
707,885
579,994
643,677
964,864
672,531
939,759
937,845
487,320
776,330
362,277
629,910
840,278
70,70
357,403
169,614
340,718
957,324
476,421
98,174
874,848
512,148
308,853
107,652
800,840
532,940
587,389
138,773
764,727
372,123
572,355
741,780
142,412
944,593
938,354
482,242
816,519
798,709
250,958
615,994
719,121
895,196
90,70
41,251
490,394
98,61
927,530
564,352
536,772
873,351
938,649
115,500
456,148
253,366
650,878
263,311
203,450
732,20
812,203
54,902
145,997
4,973
292,67
583,111
81,906
619,328
125,114
513,457
13,102
775,667
230,767
491,892
756,450
954,785
731,672
940,285
829,141
320,881
375,145
640,529
618,658
159,169
292,48
696,904
443,48
210,253
194,933
283,422
523,719
53,337
496,834
667,705
199,399
208,460
83,170
879,849
807,253
503,638
516,987
243,479
311,182
318,561
169,149
832,400
986,988
854,926
286,712
741,882
921,494
281,251
901,124
66,905
23,23
150,498
427,784
605,987
649,384
266,912
599,750
982,217
668,274
610,949
903,640
595,182
131,706
16,933
552,698
673,598
718,554
405,836
125,324
36,483
154,420
390,773
930,29
581,329
712,242
490,829
276,993
495,539
427,21
177,238
310,705
950,657
812,512
980,836
255,805
583,371
297,531
147,715
331,90
962,180
448,415
874,215
854,628
140,624
847,731
592,191
530,867
703,335
544,628
263,585
905,766
969,765
901,475
480,840
518,956
411,483
698,863
703,272
105,957
201,222
272,467
607,180
252,411
893,554
371,734
747,918
370,223
651,971
219,509
55,974
665,486
17,76
743,366
697,428
783,45
545,372
701,819
341,342
406,817
314,102
175,649
942,762
436,807
795,338
817,835
285,104
831,873
916,280
778,474
174,978
371,241
266,406
529,77
46,661
355,353
350,934
872,37
33,338
902,294
727,182
724,350
793,796
702,553
861,747
261,329
354,700
445,328
296,507
736,418
735,789
313,863
997,643
617,787
517,302
938,825
930,142
248,451
370,779
781,751
78,797
161,404
538,865
35,911
45,659
733,320
267,644
623,644
613,129
653,21
837,705
699,836
497,469
358,981
831,815
916,162
94,789
132,112
87,776
399,408
576,769
810,350
649,392
91,909
857,398
863,208
497,594
859,145
975,141
700,354
202,102
491,221
156,552
708,11
347,927
232,38
45,273
285,736
764,158
649,414
15,687
889,291
183,947
680,250
668,318
402,778
718,937
372,470
667,451
812,787
346,908
486,384
950,955
590,86
701,183
880,151
553,941
734,889
60,242
93,802
818,834
747,22
997,509
56,971
724,19
35,645
707,245
425,367
286,103
682,880
640,114
890,252
900,206
79,474
382,651
962,452
734,882
580,537
782,169
50,96
488,651
232,373
859,578
757,552
804,400
124,77
950,236
34,904
504,370
670,101
108,658
323,664
750,66
487,538
371,401
482,583
719,906
713,949
198,222
719,427
914,995
307,413
870,891
439,145
169,723
532,841
759,849
922,121
287,528
103,269
952,782
112,945
44,875
82,133
524,661
344,378
560,707
899,332
308,674
759,273
955,554
642,345
994,232
921,504
479,765
836,840
299,508
221,167
678,254
208,599
61,109
466,616
229,969
962,702
865,336
766,247
137,75
446,147
706,486
829,5
951,307
30,65
365,829
244,134
929,449
236,289
229,731
953,437
910,90
142,430
213,472
5,31
823,56
729,663
565,444
31,181
591,269
257,450
279,116
895,958
561,258
146,139
604,223
975,143
38,42
567,900
568,545
692,54
692,118
642,824
837,880
836,732
872,682
416,453
375,700
815,827
488,234
878,815
177,196
943,40
281,84
237,21
273,653
689,198
424,388
331,26
973,916
101,43
328,598
142,331
795,93
322,219
929,938
28,484
392,935
216,522
